sample_id,u_peak,u_r,tau_peak,tau_r,true_a,true_b,true_c,true_d,true_e,estimated_a,estimated_b,estimated_c,estimated_d,estimated_e,error_b,abs_error_b,error_d,abs_error_d,error_e,abs_error_e,curve_rmse_tau_u,curve_mae_tau_u,curve_r2_tau_u,curve_valid,e_constraint_respected,d_positive,b_positive,dataset,model_name
7,0.72,2.75,0.044,0.03175,0.03175,0.0801325410005739,1.818181818181818,0.1118825410005739,3.441242286799551,0.03175,0.0727719798369192,1.818181818181818,0.1045219798369192,3.6770629116178792,-0.0073605611636547025,0.0073605611636547025,-0.0073605611636547025,0.0073605611636547025,0.2358206248183281,0.2358206248183281,0.0003363329872088,0.0002261565426499,0.9975468488346844,True,True,True,True,FULL,FULL_direct_poly_rank_3
8,0.92,3.0,0.035,0.02825,0.02825,0.0557241852265918,1.6666666666666667,0.0839741852265918,3.007954906577982,0.02825,0.0487976747314286,1.6666666666666667,0.0770476747314286,3.2764818791048205,-0.006926510495163206,0.006926510495163206,-0.006926510495163199,0.006926510495163199,0.26852697252683866,0.26852697252683866,0.0003539531299857,0.0002194046951926,0.995745073359658,True,True,True,True,FULL,FULL_direct_poly_rank_3
9,0.97,3.0,0.029,0.0255,0.0255,0.0288872445152351,1.6666666666666667,0.0543872445152351,3.290221199159674,0.0255,0.0250947670707251,1.6666666666666667,0.0505947670707251,3.639086220732766,-0.0037924774445100007,0.0037924774445100007,-0.0037924774445100007,0.0037924774445100007,0.3488650215730922,0.3488650215730922,0.0003331804161412,0.0001862037527142,0.9946799020210296,True,True,True,True,FULL,FULL_direct_poly_rank_3
11,0.78,3.5,0.05,0.0417499999999999,0.0417499999999999,0.0354980845491272,1.4285714285714286,0.0772480845491271,4.004659571873231,0.0417499999999999,0.0318344615621895,1.4285714285714286,0.0735844615621894,4.5020313254466195,-0.0036636229869377035,0.0036636229869377035,-0.0036636229869377035,0.0036636229869377035,0.4973717535733888,0.4973717535733888,0.0005654481689697,0.0003016013966651,0.9933978063793908,True,True,True,True,FULL,FULL_direct_poly_rank_3
12,1.25,3.5,0.04,0.034,0.034,0.0670624339164287,1.4285714285714286,0.1010624339164287,2.366794324621144,0.034,0.0569761453272861,1.4285714285714286,0.0909761453272861,2.5941081856631723,-0.010086288589142602,0.010086288589142602,-0.010086288589142609,0.010086288589142609,0.22731386104202844,0.22731386104202844,0.0004637549984671,0.0002785178327599,0.9948582435558926,True,True,True,True,FULL,FULL_direct_poly_rank_3
13,1.8,4.0,0.035,0.033,0.033,0.0334302203204883,1.25,0.0664302203204883,2.0972939397426664,0.033,0.0285218431580066,1.25,0.0615218431580066,2.2851284177472033,-0.0049083771624817,0.0049083771624817,-0.0049083771624817,0.0049083771624817,0.1878344780045369,0.1878344780045369,0.0003850674603902,0.0002122689760416,0.9961460785213846,True,True,True,True,FULL,FULL_direct_poly_rank_3
15,1.64,10.5,4.17,3.725,3.725,1.1700588885069725,0.4761904761904761,4.895058888506973,2.4309486751406535,3.725,1.274015264333236,0.4761904761904761,4.999015264333236,2.1868368770407343,0.1039563758262636,0.1039563758262636,0.1039563758262636,0.1039563758262636,-0.24411179809991923,0.24411179809991923,0.033616455441755,0.0151050042037303,0.9956772201112064,True,True,True,True,FULL,FULL_direct_poly_rank_3
16,1.61,10.5,13.41,12.8475,12.8475,1.3946189571869354,0.4761904761904761,14.242118957186936,3.178145408783804,12.8475,1.763667234030306,0.4761904761904761,14.611167234030306,2.510022766158209,0.3690482768433705,0.3690482768433705,0.3690482768433707,0.3690482768433707,-0.6681226426255948,0.6681226426255948,0.2261232218482928,0.0844483987618252,0.9807527814646902,True,True,True,True,FULL,FULL_direct_poly_rank_3
17,2.76,10.5,3.72,3.5425,3.5425,0.8694826394566157,0.4761904761904761,4.411982639456616,1.5814976920825412,3.5425,0.9285807452191776,0.4761904761904761,4.471080745219178,1.496022402660872,0.0590981057625618,0.0590981057625618,0.059098105762561914,0.059098105762561914,-0.08547528942166926,0.08547528942166926,0.0192540918132986,0.0087118491523298,0.9987738528318624,True,True,True,True,FULL,FULL_direct_poly_rank_3
18,3.07,10.5,12.57,12.4375,12.4375,0.7124450836759753,0.4761904761904761,13.149945083675975,1.9539451798171723,12.4375,1.104225609941361,0.4761904761904761,13.54172560994136,1.5301851667653572,0.39178052626538573,0.39178052626538573,0.39178052626538395,0.39178052626538395,-0.4237600130518151,0.4237600130518151,0.2830906020218191,0.1162641856994867,0.9766185079293324,True,True,True,True,FULL,FULL_direct_poly_rank_3
19,1.55,12.0,1.02,0.8525,0.8525,0.3782821788444106,0.4166666666666667,1.2307821788444109,2.3791759662313843,0.8525,0.398025086186762,0.4166666666666667,1.250525086186762,2.202565010449383,0.0197429073423514,0.0197429073423514,0.01974290734235118,0.01974290734235118,-0.17661095578200126,0.17661095578200126,0.0057160783117201,0.002694955072078,0.9976897795753024,True,True,True,True,FULL,FULL_direct_poly_rank_3
20,1.71,12.0,2.57,1.7327500000000002,1.7327500000000002,2.210315622373947,0.4166666666666667,3.9430656223739473,1.6207235717983703,1.7327500000000002,2.2768767318728367,0.4166666666666667,4.009626731872837,1.5578496034565497,0.0665611094988896,0.0665611094988896,0.0665611094988896,0.0665611094988896,-0.06287396834182069,0.06287396834182069,0.0089297319586033,0.0054813530551064,0.9993569110688496,True,True,True,True,FULL,FULL_direct_poly_rank_3
21,1.67,12.0,7.53,5.32,5.32,5.617172562155661,0.4166666666666667,10.93717256215566,1.7473164085592403,5.32,5.794166613885277,0.4166666666666667,11.114166613885278,1.6735902424974425,0.17699405172961669,0.17699405172961669,0.17699405172961846,0.17699405172961846,-0.07372616606179783,0.07372616606179783,0.0273014492064132,0.0160349053301774,0.999235789061396,True,True,True,True,FULL,FULL_direct_poly_rank_3
22,1.67,12.0,19.67,18.994999999999997,18.994999999999997,1.5273740416856256,0.4166666666666667,20.522374041685623,3.2739688179792332,18.994999999999997,1.9836605396799063,0.4166666666666667,20.978660539679904,2.515765239077727,0.45628649799428067,0.45628649799428067,0.4562864979942809,0.4562864979942809,-0.7582035789015062,0.7582035789015062,0.3501778303150226,0.1214184517500914,0.9770827066126516,True,True,True,True,FULL,FULL_direct_poly_rank_3
23,0.84,16.0,8.44,7.47,7.47,1.3255582927799532,0.3125,8.795558292779953,6.166176834932969,7.47,1.330048079903718,0.3125,8.800048079903718,6.086537531970699,0.004489787123764799,0.004489787123764799,0.004489787123764799,0.004489787123764799,-0.07963930296226973,0.07963930296226973,0.0044602693327431,0.0011685800814226,0.9999700161331344,True,True,True,True,FULL,FULL_direct_poly_rank_3
24,1.81,16.0,7.62,7.29,7.29,0.6419185077225471,0.3125,7.931918507722547,3.0024433868829834,7.29,0.6322034860576293,0.3125,7.922203486057629,3.0977163066366256,-0.009715021664917778,0.009715021664917778,-0.009715021664917778,0.009715021664917778,0.09527291975364216,0.09527291975364216,0.014406415430588,0.0040488117456431,0.9997103618987632,True,True,True,True,FULL,FULL_direct_poly_rank_3
27,0.87,3.25,2.35,1.9075,1.9075,2.7034029995062916,1.5384615384615383,4.610902999506291,3.276941309100947,1.9075,2.382689622572787,1.5384615384615383,4.290189622572787,3.6300194949814393,-0.32071337693350443,0.32071337693350443,-0.32071337693350443,0.32071337693350443,0.35307818588049233,0.35307818588049233,0.0260790078817734,0.0154512874658349,0.9944141111966642,True,True,True,True,FULL,FULL_direct_poly_rank_3
28,0.13,1.325,1.02,0.6675,0.6675,0.6738254010838505,3.7735849056603774,1.3413254010838505,23.891608655167115,0.6675,0.7216686752053345,3.7735849056603774,1.3891686752053345,21.10579206087595,0.047843274121484036,0.047843274121484036,0.047843274121484036,0.047843274121484036,-2.785816594291166,2.785816594291166,0.0094593800864256,0.005376668325721,0.994852850915406,True,True,True,True,FULL,FULL_direct_poly_rank_3
29,0.6,2.425,4.93,4.2975,4.2975,3.110870023650559,2.061855670103093,7.408370023650559,5.517814597970529,4.2975,2.8089104413790604,2.061855670103093,7.106410441379061,6.101474157604473,-0.30195958227149866,0.30195958227149866,-0.30195958227149866,0.30195958227149866,0.5836595596339444,0.5836595596339444,0.0490102146299221,0.0254347891511705,0.995230099178494,True,True,True,True,FULL,FULL_direct_poly_rank_3
30,2.17,3.85,16.37,14.955,14.955,60.674147880173095,1.2987012987012987,75.6291478801731,1.6284330431129306,14.955,56.00035297179227,1.2987012987012987,70.95535297179227,1.6613061810604728,-4.6737949083808275,4.6737949083808275,-4.6737949083808275,4.6737949083808275,0.03287313794754221,0.03287313794754221,0.0574107046557541,0.0350863830852256,0.9996351896290232,True,True,True,True,FULL,FULL_direct_poly_rank_3
31,0.24,1.275,0.66,0.475,0.475,0.6758571313827281,3.9215686274509807,1.150857131382728,11.17767536247715,0.475,0.6927734345830762,3.9215686274509807,1.167773434583076,10.90291020054741,0.016916303200348093,0.016916303200348093,0.01691630320034787,0.01691630320034787,-0.2747651619297393,0.2747651619297393,0.0015773270928354,0.0010064664424215,0.9997109762520632,True,True,True,True,FULL,FULL_direct_poly_rank_3
32,0.3,2.175,4.71,4.1925,4.1925,1.211168346774408,2.298850574712644,5.403668346774408,13.642584509493682,4.1925,1.1965435074514923,2.298850574712644,5.389043507451492,13.9163851212145,-0.014624839322915806,0.014624839322915806,-0.014624839322915584,0.014624839322915584,0.2738006117208176,0.2738006117208176,0.0067678787206304,0.0027140990808626,0.9998510963694152,True,True,True,True,FULL,FULL_direct_poly_rank_3
33,2.26,4.125,16.14,11.3475,11.3475,422.7987490320256,1.2121212121212122,434.1462490320256,1.3091974223177918,11.3475,572.6942058669061,1.2121212121212122,584.0417058669061,1.2821801063346032,149.89545683488052,149.89545683488052,149.89545683488052,149.89545683488052,-0.027017315983188572,0.027017315983188572,0.1062460778813484,0.0699951442340812,0.9991506041753312,True,True,True,True,FULL,FULL_direct_poly_rank_3
34,0.47,1.525,1.07,0.6975,0.6975,4.0455139668571585,3.278688524590164,4.743013966857158,4.812842755740618,0.6975,4.552554973884363,3.278688524590164,5.250054973884363,4.606104787202958,0.5070410070272047,0.5070410070272047,0.5070410070272047,0.5070410070272047,-0.20673796853766024,0.20673796853766024,0.0063927914839875,0.0048376575124717,0.9988004924236792,True,True,True,True,FULL,FULL_direct_poly_rank_3
35,0.47,2.2,4.91,4.25,4.25,2.5915991927768687,2.2727272727272725,6.841599192776869,7.213346651196478,4.25,2.3760628400204107,2.2727272727272725,6.626062840020411,7.969691360946725,-0.215536352756458,0.215536352756458,-0.215536352756458,0.215536352756458,0.7563447097502474,0.7563447097502474,0.0451391597527371,0.0224267081290904,0.9954811346202764,True,True,True,True,FULL,FULL_direct_poly_rank_3
36,1.48,3.625,14.91,14.235,14.235,8.232456046268986,1.3793103448275863,22.467456046268985,2.7321098339023515,14.235,8.399474388890315,1.3793103448275863,22.634474388890315,2.7009080871865905,0.1670183426213292,0.1670183426213292,0.1670183426213292,0.1670183426213292,-0.031201746715761036,0.031201746715761036,0.0195624244928933,0.0103785082561042,0.999942346842266,True,True,True,True,FULL,FULL_direct_poly_rank_3
37,0.11,1.325,0.89,0.5625,0.5625,0.5639971811696873,3.7735849056603774,1.1264971811696871,29.2958502513531,0.5625,0.6202964022126103,3.7735849056603774,1.1827964022126105,24.255344024955477,0.05629922104292295,0.05629922104292295,0.0562992210429234,0.0562992210429234,-5.040506226397625,5.040506226397625,0.0119367693301163,0.0067376755317048,0.98925599749627,True,True,True,True,FULL,FULL_direct_poly_rank_3
38,0.26,2.175,5.3,4.1,4.1,2.5910971306331803,2.298850574712644,6.69109713063318,13.042743993933716,4.1,2.5323665244485767,2.298850574712644,6.632366524448576,13.604132165201916,-0.05873060618460357,0.05873060618460357,-0.05873060618460357,0.05873060618460357,0.5613881712682005,0.5613881712682005,0.0163507315939862,0.0078816183511563,0.9993190541109817,True,True,True,True,FULL,FULL_direct_poly_rank_3
39,0.54,3.35,15.9,14.4675,14.4675,3.852469877296928,1.4925373134328357,18.319969877296927,7.688914610134782,14.4675,3.709758563808313,1.4925373134328357,18.177258563808312,8.137296473093894,-0.14271131348861532,0.14271131348861532,-0.14271131348861488,0.14271131348861488,0.44838186295911164,0.44838186295911164,0.0695812808012367,0.027798180436869,0.9987530836903888,True,True,True,True,FULL,FULL_direct_poly_rank_3
40,0.3,1.35,0.88,0.635,0.635,1.1651130574348498,3.7037037037037033,1.8001130574348498,8.547982610717572,0.635,1.1875440136825466,3.7037037037037033,1.8225440136825464,8.416178654232954,0.022430956247696754,0.022430956247696754,0.022430956247696532,0.022430956247696532,-0.1318039564846174,0.1318039564846174,0.0014215046594932,0.0009490781148613,0.9998795728992126,True,True,True,True,FULL,FULL_direct_poly_rank_3
41,0.38,2.175,5.2,4.3975,4.3975,2.452688320111813,2.298850574712644,6.850188320111813,9.031706106944794,4.3975,2.2866011272696873,2.298850574712644,6.684101127269687,9.95568764260329,-0.16608719284212548,0.16608719284212548,-0.16608719284212548,0.16608719284212548,0.9239815356584966,0.9239815356584966,0.0428076264118734,0.0204685654400757,0.9958599283782864,True,True,True,True,FULL,FULL_direct_poly_rank_3
42,0.71,3.35,16.28,14.8375,14.8375,5.373344828404187,1.4925373134328357,20.210844828404188,5.457009220110153,14.8375,4.968593392286463,1.4925373134328357,19.806093392286463,6.001489583675578,-0.40475143611772424,0.40475143611772424,-0.40475143611772424,0.40475143611772424,0.544480363565425,0.544480363565425,0.1373984974773254,0.0609163591502098,0.996180504823394,True,True,True,True,FULL,FULL_direct_poly_rank_3
43,0.88,1.475,0.58,0.535,0.535,2.3643732180319175,3.389830508474576,2.8993732180319176,4.157276354583812,0.535,3.1279066618107834,3.389830508474576,3.662906661810783,3.9490543262603945,0.7635334437788659,0.7635334437788659,0.7635334437788655,0.7635334437788655,-0.20822202832341707,0.20822202832341707,0.0052690186126578,0.0032677713452661,0.9976207838006652,True,True,True,True,FULL,FULL_direct_poly_rank_3
44,1.5,2.625,3.89,3.6325,3.6325,10.486129835864666,1.9047619047619049,14.118629835864668,2.474961892115721,3.6325,11.215044484734396,1.9047619047619049,14.847544484734398,2.432116631207744,0.7289146488697291,0.7289146488697291,0.7289146488697291,0.7289146488697291,-0.0428452609079768,0.0428452609079768,0.0108384601160578,0.0065726335833441,0.9997755119840196,True,True,True,True,FULL,FULL_direct_poly_rank_3
45,2.87,4.1,13.67,13.42,13.42,16.705556614946417,1.2195121951219514,30.12555661494642,1.6634039681803665,13.42,21.861453172671467,1.2195121951219514,35.28145317267147,1.5521144881267972,5.15589655772505,5.15589655772505,5.15589655772505,5.15589655772505,-0.11128948005356931,0.11128948005356931,0.1273832284867418,0.0729403247962226,0.997619465427018,True,True,True,True,FULL,FULL_direct_poly_rank_3
46,0.79,1.5,0.8,0.665,0.665,6.166849946093346,3.3333333333333335,6.831849946093346,3.9230290740544778,0.665,7.980777420268853,3.3333333333333335,8.645777420268853,3.774505191412803,1.8139274741755074,1.8139274741755074,1.8139274741755074,1.8139274741755074,-0.14852388264167482,0.14852388264167482,0.0062697921521573,0.0040391514042056,0.9981513106229764,True,True,True,True,FULL,FULL_direct_poly_rank_3
47,0.6,2.175,5.04,4.655,4.655,2.141531174694559,2.298850574712644,6.796531174694559,6.310564627174357,4.655,2.039489072542099,2.298850574712644,6.694489072542099,6.5892229749540245,-0.10204210215245979,0.10204210215245979,-0.10204210215245979,0.10204210215245979,0.27865834777966736,0.27865834777966736,0.0215699333721937,0.0105435907543911,0.9991909993812846,True,True,True,True,FULL,FULL_direct_poly_rank_3
48,2.37,4.125,16.38,14.3675,14.3675,112.7264689844744,1.2121212121212122,127.0939689844744,1.4228254925840296,14.3675,101.78593105514555,1.2121212121212122,116.15343105514556,1.4493847866877196,-10.94053792932884,10.94053792932884,-10.94053792932884,10.94053792932884,0.026559294103690068,0.026559294103690068,0.0642683022907737,0.0401717392041869,0.9995452968667042,True,True,True,True,FULL,FULL_direct_poly_rank_3
49,1.46,2.566666666666667,4.68,4.1066666666666665,4.1066666666666665,30.593215473314466,1.948051948051948,34.69988213998113,2.300589855794831,4.1066666666666665,31.678773387686014,1.948051948051948,35.785440054352684,2.2867444462086244,1.0855579143715488,1.0855579143715488,1.085557914371556,1.085557914371556,-0.013845409586206614,0.013845409586206614,0.0057808811595036,0.0036274390039949,0.9999546524635032,True,True,True,True,FULL,FULL_direct_poly_rank_3
50,4.16,4.75,15.04,14.775,14.775,58.5314735148253,1.0526315789473684,73.3064735148253,1.2144266984360343,14.775,55.10795092710624,1.0526315789473684,69.88295092710624,1.2260094073987495,-3.423522587719063,3.423522587719063,-3.423522587719063,3.423522587719063,0.011582708962715182,0.011582708962715182,0.0249539075016936,0.0135981319699592,0.999913796524789,True,True,True,True,FULL,FULL_direct_poly_rank_3
51,1.26,1.85,0.94,0.785,0.785,27.151829140946248,2.702702702702702,27.936829140946248,2.8751003676389564,0.785,37.59356913306738,2.702702702702702,38.37856913306738,2.824368202738429,10.441739992121136,10.441739992121136,10.441739992121132,10.441739992121132,-0.050732164900527454,0.050732164900527454,0.0061378272382074,0.0037946057115574,0.9990432816949154,True,True,True,True,FULL,FULL_direct_poly_rank_3
52,3.13,4.466666666666667,15.58,14.793333333333337,14.793333333333337,75.02328336156236,1.1194029850746268,89.8166166948957,1.313812712287742,14.793333333333337,65.35794074102017,1.1194029850746268,80.15127407435351,1.3478345453549596,-9.66534262054219,9.66534262054219,-9.66534262054219,9.66534262054219,0.03402183306721751,0.03402183306721751,0.0781539737936788,0.0460559798300473,0.9992603739907387,True,True,True,True,FULL,FULL_direct_poly_rank_3
53,1.15,1.85,0.71,0.65,0.65,3.9933470021604136,2.702702702702702,4.6433470021604135,3.19021506632708,0.65,4.765826679512217,2.702702702702702,5.415826679512217,3.101639226782325,0.7724796773518032,0.7724796773518032,0.7724796773518037,0.7724796773518037,-0.08857583954475512,0.08857583954475512,0.0040112665647829,0.0025021479545857,0.999090080856269,True,True,True,True,FULL,FULL_direct_poly_rank_3
54,0.35,2.175,4.68,4.205,4.205,1.283914851902833,2.298850574712644,5.488914851902833,11.46515887900422,4.205,1.24042514529563,2.298850574712644,5.44542514529563,12.065655189827272,-0.04348970660720286,0.04348970660720286,-0.04348970660720308,0.04348970660720308,0.6004963108230523,0.6004963108230523,0.0185903430534898,0.0076971385414413,0.9989712273115112,True,True,True,True,FULL,FULL_direct_poly_rank_3
55,0.63,3.85,16.18,14.365,14.365,5.024596391351091,1.2987012987012987,19.38959639135109,6.152370825583352,14.365,4.79059507988144,1.2987012987012987,19.15559507988144,6.604250702237936,-0.23400131146965109,0.23400131146965109,-0.23400131146965109,0.23400131146965109,0.4518798766545835,0.4518798766545835,0.0908134123623021,0.0386256830915009,0.9979699476939016,True,True,True,True,FULL,FULL_direct_poly_rank_3
56,0.45,1.5666666666666669,0.87,0.6366666666666667,0.6366666666666667,1.8543711063769357,3.191489361702127,2.4910377730436024,5.520751658815112,0.6366666666666667,1.9004273404489995,3.191489361702127,2.5370940071156665,5.447253370588157,0.04605623407206383,0.04605623407206383,0.04605623407206405,0.04605623407206405,-0.07349828822695503,0.07349828822695503,0.0013874920924069,0.0009663948121327,0.9998973249465432,True,True,True,True,FULL,FULL_direct_poly_rank_3
57,0.58,2.175,5.35,4.42,4.42,5.5363451785319135,2.298850574712644,9.956345178531912,5.059116621676996,4.42,5.038164689109781,2.298850574712644,9.45816468910978,5.462183755617274,-0.49818048942213267,0.49818048942213267,-0.4981804894221309,0.4981804894221309,0.4030671339402785,0.4030671339402785,0.0435399161311568,0.0254443684555044,0.9969719693121898,True,True,True,True,FULL,FULL_direct_poly_rank_3
58,0.94,3.875,16.28,13.935,13.935,11.349260923481204,1.2903225806451613,25.28426092348121,3.405427164282276,13.935,10.11572283496085,1.2903225806451613,24.05072283496085,3.8207907474950513,-1.233538088520353,1.233538088520353,-1.2335380885203584,1.2335380885203584,0.4153635832127751,0.4153635832127751,0.1861323366808362,0.0984175387189654,0.9936030499877784,True,True,True,True,FULL,FULL_direct_poly_rank_3
59,0.13,1.5666666666666669,0.97,0.8033333333333333,0.8033333333333333,0.2782264175865835,3.191489361702127,1.0815597509199169,31.910981063129015,0.8033333333333333,0.3159863142986366,3.191489361702127,1.11931964763197,25.24979124506743,0.0377598967120531,0.0377598967120531,0.037759896712053154,0.037759896712053154,-6.661189818061583,6.661189818061583,0.013405963578015,0.0059462918747073,0.9825869394136292,True,True,True,True,FULL,FULL_direct_poly_rank_3
60,2.38,2.85,5.22,4.84,4.84,137.35939252357494,1.7543859649122806,142.19939252357494,1.8523237169572588,4.84,130.46935398747323,1.7543859649122806,135.30935398747323,1.8579777811990772,-6.890038536101713,6.890038536101713,-6.890038536101713,6.890038536101713,0.005654064241818357,0.005654064241818357,0.005722710865174,0.003248135879877,0.9999649716189126,True,True,True,True,FULL,FULL_direct_poly_rank_3
61,2.68,4.125,16.95,15.5375,15.5375,116.71406105996982,1.2121212121212122,132.25156105996982,1.3981039630569712,15.5375,101.87399305881144,1.2121212121212122,117.41149305881144,1.4298936778664109,-14.840068001158386,14.840068001158386,-14.840068001158372,14.840068001158372,0.031789714809439706,0.031789714809439706,0.084330610443012,0.0516278274701803,0.9992840881706684,True,True,True,True,FULL,FULL_direct_poly_rank_3
62,0.71,1.6,1.14,0.9133333333333334,0.9133333333333334,5.696830896813862,3.125,6.610164230147195,3.976020028848459,0.9133333333333334,6.721179410428055,3.125,7.634512743761388,3.827333058910976,1.0243485136141937,1.0243485136141937,1.0243485136141937,1.0243485136141937,-0.14868696993748287,0.14868696993748287,0.0071483157837431,0.0047349654262166,0.9986990312257172,True,True,True,True,FULL,FULL_direct_poly_rank_3
63,0.76,2.2,5.03,4.68,4.68,3.0326428857358856,2.2727272727272725,7.712642885735885,4.87933520201715,4.68,3.0036407788510555,2.2727272727272725,7.683640778851055,4.910748472612879,-0.02900210688483007,0.02900210688483007,-0.02900210688483007,0.02900210688483007,0.031413270595729514,0.031413270595729514,0.003510846362671,0.0018589283522423,0.9999816412119548,True,True,True,True,FULL,FULL_direct_poly_rank_3
64,2.73,4.125,15.88,13.97,13.97,220.02903798852773,1.2121212121212122,233.99903798852773,1.3339956390040135,13.97,193.3776857258381,1.2121212121212122,207.3476857258381,1.3530695969081905,-26.65135226268964,26.65135226268964,-26.65135226268964,26.65135226268964,0.019073957904176986,0.019073957904176986,0.0635996034680674,0.0392273368656947,0.9995556347834677,True,True,True,True,FULL,FULL_direct_poly_rank_3
65,0.63,1.5666666666666669,1.42,0.9733333333333332,0.9733333333333332,10.644929502666052,3.191489361702127,11.618262835999383,3.927118476960182,0.9733333333333332,13.973534930989224,3.191489361702127,14.946868264322555,3.731313038840004,3.328605428323172,3.328605428323172,3.328605428323172,3.328605428323172,-0.19580543812017792,0.19580543812017792,0.0126186504805909,0.00906634213741,0.997674574257974,True,True,True,True,FULL,FULL_direct_poly_rank_3
66,0.34,2.175,5.0,4.24,4.24,2.0482757543105174,2.298850574712644,6.288275754310518,10.49368724913285,4.24,1.9427685978205451,2.298850574712644,6.182768597820545,11.37819660515498,-0.10550715648997233,0.10550715648997233,-0.10550715648997233,0.10550715648997233,0.8845093560221287,0.8845093560221287,0.0322337141201921,0.0147456018147857,0.9972649352347368,True,True,True,True,FULL,FULL_direct_poly_rank_3
67,3.13,4.533333333333333,14.91,14.596666666666666,14.596666666666666,20.35467702287054,1.1029411764705883,34.951343689537204,1.4882877719989878,14.596666666666666,23.675631323626455,1.1029411764705883,38.27229799029312,1.4292155331384573,3.320954300755915,3.320954300755915,3.320954300755915,3.320954300755915,-0.05907223886053048,0.05907223886053048,0.0842748037948084,0.0484701153022341,0.999125169839137,True,True,True,True,FULL,FULL_direct_poly_rank_3
68,0.49,1.5666666666666669,0.79,0.63,0.63,1.4068332196782207,3.191489361702127,2.0368332196782206,5.5461514668738845,0.63,1.43264242710795,3.191489361702127,2.0626424271079498,5.4914729160662095,0.025809207429729364,0.025809207429729364,0.025809207429729142,0.025809207429729142,-0.05467855080767503,0.05467855080767503,0.0009201597043109,0.0006010483653378,0.9999444948004448,True,True,True,True,FULL,FULL_direct_poly_rank_3
69,1.69,2.566666666666667,5.04,4.426666666666667,4.426666666666667,69.19774278410341,1.948051948051948,73.62440945077007,2.1459242646578933,4.426666666666667,74.07054607890889,1.948051948051948,78.49721274557555,2.131514807572185,4.872803294805479,4.872803294805479,4.872803294805479,4.872803294805479,-0.01440945708570851,0.01440945708570851,0.0094106594374312,0.0058352901985733,0.9999035985885668,True,True,True,True,FULL,FULL_direct_poly_rank_3
70,3.12,4.466666666666667,16.37,15.163333333333334,15.163333333333334,137.96164146287623,1.1194029850746268,153.12497479620956,1.2614658876838951,15.163333333333334,112.39629516277084,1.1194029850746268,127.5596284961042,1.2994587287584385,-25.56534630010539,25.56534630010539,-25.56534630010536,25.56534630010536,0.03799284107454337,0.03799284107454337,0.1153336329094316,0.0688183507609689,0.9985206375903912,True,True,True,True,FULL,FULL_direct_poly_rank_3
71,0.18,1.5666666666666669,0.87,0.6,0.6,0.5778652142592701,3.191489361702127,1.17786521425927,16.988625203858206,0.6,0.586050409116304,3.191489361702127,1.186050409116304,16.58273299605601,0.00818519485703395,0.00818519485703395,0.00818519485703395,0.00818519485703395,-0.4058922078021965,0.4058922078021965,0.0016266151740476,0.0009001448362751,0.999785437350684,True,True,True,True,FULL,FULL_direct_poly_rank_3
72,0.42,2.175,5.1,3.8825,3.8825,4.482035276937978,2.298850574712644,8.364535276937978,6.759501195047857,3.8825,4.089314837510127,2.298850574712644,7.971814837510127,7.513662336648707,-0.3927204394278512,0.3927204394278512,-0.3927204394278512,0.3927204394278512,0.75416114160085,0.75416114160085,0.0511171829244271,0.0294343384511503,0.9946513587627768,True,True,True,True,FULL,FULL_direct_poly_rank_3
73,1.09,3.85,15.19,13.3025,13.3025,11.821633061680007,1.2987012987012987,25.12413306168001,2.9737453064844868,13.3025,10.510688615437692,1.2987012987012987,23.813188615437692,3.2836929279884064,-1.3109444462423152,1.3109444462423152,-1.310944446242317,1.310944446242317,0.30994762150391963,0.30994762150391963,0.1593442157322528,0.0860584403818307,0.9951587485487602,True,True,True,True,FULL,FULL_direct_poly_rank_3
74,0.47,1.5666666666666669,0.66,0.5066666666666667,0.5066666666666667,1.2794449424210406,3.191489361702127,1.7861116090877074,5.540134014051035,0.5066666666666667,1.3048355230083546,3.191489361702127,1.8115021896750212,5.480852715839209,0.025390580587314027,0.025390580587314027,0.025390580587313805,0.025390580587313805,-0.05928129821182626,0.05928129821182626,0.0008377072465768,0.0005638766332281,0.9999339216518968,True,True,True,True,FULL,FULL_direct_poly_rank_3
75,0.57,2.175,4.24,4.0125,4.0125,1.1193350008113887,2.298850574712644,5.131835000811389,7.4273022742503985,4.0125,1.108115148411888,2.298850574712644,5.120615148411888,7.496300943802135,-0.01121985239950063,0.01121985239950063,-0.011219852399500851,0.011219852399500851,0.06899866955173639,0.06899866955173639,0.0037013895628557,0.0016711334935473,0.999965101771668,True,True,True,True,FULL,FULL_direct_poly_rank_3
76,4.13,4.7,14.9,13.285,13.285,1213.8760619263403,1.0638297872340423,1227.1610619263406,1.0940505167399543,13.285,759.2895580290939,1.0638297872340423,772.5745580290939,1.1137716404301707,-454.5865038972464,454.5865038972464,-454.58650389724676,454.58650389724676,0.01972112369021639,0.01972112369021639,0.1580292430254933,0.0884207647198081,0.9980732141789108,True,True,True,True,FULL,FULL_direct_poly_rank_3
77,0.18,1.5666666666666669,0.88,0.4966666666666666,0.4966666666666666,0.8494890683979475,3.191489361702127,1.346155735064614,14.732448429095294,0.4966666666666666,0.8472742246397993,3.191489361702127,1.343940891306466,14.796757558290944,-0.0022148437581481772,0.0022148437581481772,-0.002214843758147955,0.002214843758147955,0.06430912919564946,0.06430912919564946,0.0003337145068059,0.000205330726881,0.9999938005746654,True,True,True,True,FULL,FULL_direct_poly_rank_3
78,1.25,2.566666666666667,4.37,3.77,3.77,17.6011784506471,1.948051948051948,21.3711784506471,2.4976694597033373,3.77,17.578871847778796,1.948051948051948,21.348871847778796,2.4984955660358783,-0.022306602868304992,0.022306602868304992,-0.022306602868304992,0.022306602868304992,0.0008261063325409879,0.0008261063325409879,0.0002398063319272,0.0001506186411797,0.9999999027733264,True,True,True,True,FULL,FULL_direct_poly_rank_3
79,3.62,4.5,14.62,13.843333333333334,13.843333333333334,173.78668847200146,1.1111111111111112,187.6300218053348,1.2115644521301927,13.843333333333334,129.67011277754244,1.1111111111111112,143.51344611087578,1.2515675315249977,-44.116575694459016,44.116575694459016,-44.116575694459016,44.116575694459016,0.04000307939480496,0.04000307939480496,0.1269045919509057,0.0721764775108153,0.9976079301059608,True,True,True,True,FULL,FULL_direct_poly_rank_3
80,0.11,1.5633333333333332,1.04,0.5006666666666667,0.5006666666666667,0.863642983300683,3.1982942430703627,1.3643096499673495,27.24084861115649,0.5006666666666667,0.9121702506255752,3.1982942430703627,1.412836917292242,23.867839773014893,0.04852726732489221,0.04852726732489221,0.04852726732489243,0.04852726732489243,-3.3730088381415975,3.3730088381415975,0.0101211699389094,0.0058702890015602,0.9962434629492865,True,True,True,True,FULL,FULL_direct_poly_rank_3
81,0.23,2.1775,4.79,3.54875,3.54875,2.4552355004571034,2.296211251435132,6.003985500457103,14.649101403235154,3.54875,2.441666230105672,2.296211251435132,5.990416230105672,14.810991444276064,-0.013569270351431406,0.013569270351431406,-0.013569270351431406,0.013569270351431406,0.16189004104091076,0.16189004104091076,0.003709136461142,0.0018220177708845,0.9999570187489898,True,True,True,True,FULL,FULL_direct_poly_rank_3
82,0.39,3.9275,14.13,12.93,12.93,2.178980729198466,1.273074474856779,15.108980729198466,12.268593789286898,12.93,2.414755505965026,1.273074474856779,15.344755505965026,10.361530873754978,0.23577477676655967,0.23577477676655967,0.23577477676655967,0.23577477676655967,-1.9070629155319203,1.9070629155319203,0.1428775443151277,0.0508862709521889,0.991112159580898,True,True,True,True,FULL,FULL_direct_poly_rank_3
83,0.21,1.5566666666666666,0.75,0.4896666666666667,0.4896666666666667,0.6541837303857423,3.211991434689508,1.143850397052409,13.109251845364824,0.4896666666666667,0.6476671089029691,3.211991434689508,1.1373337755696358,13.303947663864706,-0.0065166214827732105,0.0065166214827732105,-0.0065166214827732105,0.0065166214827732105,0.19469581849988238,0.19469581849988238,0.0009592899493404,0.0005772851619694,0.9999152399818878,True,True,True,True,FULL,FULL_direct_poly_rank_3
84,1.52,2.19,4.53,3.98,3.98,84.48453784563569,2.2831050228310503,88.46453784563569,2.4678705594788535,3.98,98.03874578345284,2.2831050228310503,102.01874578345286,2.440122347888193,13.554207937817154,13.554207937817154,13.554207937817168,13.554207937817168,-0.027748211590660432,0.027748211590660432,0.0159202844166624,0.0097022386365185,0.9996676081527508,True,True,True,True,FULL,FULL_direct_poly_rank_3
85,0.46,3.86,15.2,13.9425,13.9425,2.582793456166362,1.2953367875647668,16.525293456166363,10.00333623780827,13.9425,2.708003088657607,1.2953367875647668,16.650503088657608,9.26352176155721,0.12520963249124506,0.12520963249124506,0.12520963249124506,0.12520963249124506,-0.7398144762510608,0.7398144762510608,0.0765913472307287,0.0277981368301123,0.997998506877172,True,True,True,True,FULL,FULL_direct_poly_rank_3
86,1.14,1.85,0.47,0.4455,0.4455,1.2635859558868447,2.702702702702702,1.7090859558868448,3.448989911906233,0.4455,1.6374066245493737,2.702702702702702,2.0829066245493735,3.2597655364945335,0.37382066866252894,0.37382066866252894,0.3738206686625287,0.3738206686625287,-0.18922437541169934,0.18922437541169934,0.0042514131836481,0.0025988722413521,0.9977359114735852,True,True,True,True,FULL,FULL_direct_poly_rank_3
87,1.53,2.29,3.84,3.5879999999999996,3.5879999999999996,21.229112109709114,2.1834061135371177,24.817112109709115,2.5522940611621228,3.5879999999999996,24.232528372016844,2.1834061135371177,27.820528372016845,2.500859979471735,3.0034162623077307,3.0034162623077307,3.0034162623077307,3.0034162623077307,-0.05143408169038777,0.05143408169038777,0.0156258124695109,0.0094715843140882,0.9995182076436736,True,True,True,True,FULL,FULL_direct_poly_rank_3
89,0.31,1.5733333333333333,0.64,0.434,0.434,0.831446191232911,3.1779661016949152,1.265446191232911,8.046929532076042,0.434,0.8090180815381476,3.1779661016949152,1.2430180815381475,8.25884698269512,-0.022428109694763387,0.022428109694763387,-0.022428109694763387,0.022428109694763387,0.21191745061907774,0.21191745061907774,0.0017045929378415,0.0011335774962321,0.9996778511891892,True,True,True,True,FULL,FULL_direct_poly_rank_3
90,0.44,2.0033333333333334,4.09,3.8813333333333335,3.8813333333333335,0.7845727106922662,2.4958402662229617,4.6659060440256,10.177837650659969,3.8813333333333335,0.7905498338741155,2.4958402662229617,4.671883167207449,10.096799711549092,0.0059771231818492865,0.0059771231818492865,0.0059771231818492865,0.0059771231818492865,-0.08103793911087642,0.08103793911087642,0.0028310185385306,0.001175679444104,0.99997494708876,True,True,True,True,FULL,FULL_direct_poly_rank_3
91,2.56,4.125,14.35,13.695,13.695,33.24347166872315,1.2121212121212122,46.93847166872315,1.5724619149710894,13.695,32.8579626169182,1.2121212121212122,46.5529626169182,1.5773952797081303,-0.3855090518049522,0.3855090518049522,-0.3855090518049522,0.3855090518049522,0.004933364737040868,0.004933364737040868,0.0072313404154202,0.0043561344408837,0.9999930592442908,True,True,True,True,FULL,FULL_direct_poly_rank_3
92,0.1,1.5666666666666669,0.84,0.5786666666666667,0.5786666666666667,0.3913124802400913,3.191489361702127,0.969979146906758,37.39184550372476,0.5786666666666667,0.4509343802709984,3.191489361702127,1.029601046937665,27.413647405114187,0.059621900030907116,0.059621900030907116,0.05962190003090706,0.05962190003090706,-9.978198098610573,9.978198098610573,0.0156559167327787,0.0081616080982949,0.973609984452135,True,True,True,True,FULL,FULL_direct_poly_rank_3
93,0.29,2.175,4.72,4.314,4.314,0.9127902034753363,2.298850574712644,5.226790203475336,15.255568277966066,4.314,0.9248304903125596,2.298850574712644,5.2388304903125595,14.9389788345605,0.012040286837223246,0.012040286837223246,0.012040286837223135,0.012040286837223135,-0.31658944340556694,0.31658944340556694,0.0068983781136127,0.0025875075550607,0.9998425634340208,True,True,True,True,FULL,FULL_direct_poly_rank_3
94,2.24,4.125,16.29,15.185,15.185,36.934910613682646,1.2121212121212122,52.11991061368265,1.6343524111032697,15.185,34.61337887470796,1.2121212121212122,49.79837887470797,1.668393870923774,-2.3215317389746843,2.3215317389746843,-2.3215317389746772,2.3215317389746772,0.03404145982050433,0.03404145982050433,0.0516094990803822,0.0308099355534897,0.999703643112028,True,True,True,True,FULL,FULL_direct_poly_rank_3
95,0.15,1.5666666666666669,1.04,0.515,0.515,1.0180921290257392,3.191489361702127,1.533092129025739,17.824332391452327,0.515,1.0270363882826206,3.191489361702127,1.5420363882826205,17.522709719026096,0.00894425925688136,0.00894425925688136,0.00894425925688136,0.00894425925688136,-0.3016226724262303,0.3016226724262303,0.0014992808629699,0.0009148904896693,0.9999223401279964,True,True,True,True,FULL,FULL_direct_poly_rank_3
96,0.32,2.225,5.75,4.01075,4.01075,4.5926707536336835,2.2471910112359548,8.603420753633683,8.90252129065327,4.01075,4.301204858259345,2.2471910112359548,8.311954858259345,9.843144889071493,-0.29146589537433876,0.29146589537433876,-0.29146589537433876,0.29146589537433876,0.9406235984182221,0.9406235984182221,0.0494980388752673,0.0279409008360288,0.9958489096804518,True,True,True,True,FULL,FULL_direct_poly_rank_3
97,0.98,3.925,16.9,13.655,13.655,17.423005323734152,1.2738853503184715,31.07800532373415,2.9328424113361327,13.655,15.437691777557822,1.2738853503184715,29.09269177755782,3.26604718942731,-1.9853135461763305,1.9853135461763305,-1.9853135461763287,1.9853135461763287,0.33320477809117754,0.33320477809117754,0.1903369905291172,0.1109311158480928,0.9939966332957366,True,True,True,True,FULL,FULL_direct_poly_rank_3
98,0.12,1.5666666666666669,1.33,0.569,0.569,1.2856106349233354,3.191489361702127,1.854610634923335,23.13000566043724,0.569,1.3184515803597654,3.191489361702127,1.8874515803597651,21.800374848616222,0.032840945436430014,0.032840945436430014,0.032840945436430014,0.032840945436430014,-1.3296308118210192,1.3296308118210192,0.006273296756767,0.0037334290718213,0.999269378143033,True,True,True,True,FULL,FULL_direct_poly_rank_3
99,0.38,2.1775,5.29,3.8055,3.8055,4.8847712477868654,2.296211251435132,8.690271247786866,7.231167894086396,3.8055,4.48850068606586,2.296211251435132,8.29400068606586,8.037319340716282,-0.39627056172100517,0.39627056172100517,-0.39627056172100517,0.39627056172100517,0.8061514466298858,0.8061514466298858,0.0520465460468699,0.0306332712546944,0.994889745253456,True,True,True,True,FULL,FULL_direct_poly_rank_3
100,1.12,3.865,15.69,14.2025,14.2025,9.330787016774106,1.2936610608020698,23.533287016774107,3.133851414322128,14.2025,8.42815544937788,1.2936610608020698,22.63065544937788,3.418975887368399,-0.9026315673962273,0.9026315673962273,-0.9026315673962273,0.9026315673962273,0.28512447304627075,0.28512447304627075,0.1422086988431674,0.073041438736497,0.9964748836701838,True,True,True,True,FULL,FULL_direct_poly_rank_3
101,0.11,1.5599999999999998,1.19,0.5136666666666666,0.5136666666666666,1.0901897584596147,3.2051282051282053,1.6038564251262817,26.190812099681132,0.5136666666666666,1.1351244977334147,3.2051282051282053,1.6487911644000812,23.706014004785946,0.044934739273799984,0.044934739273799984,0.04493473927379954,0.04493473927379954,-2.4847980948951864,2.4847980948951864,0.0090657158765408,0.0053345189468184,0.9980214975679216,True,True,True,True,FULL,FULL_direct_poly_rank_3
102,0.33,2.175,5.38,4.15275,4.15275,3.3230952595070686,2.298850574712644,7.475845259507069,9.464816530487427,4.15275,3.1184785150700254,2.298850574712644,7.2712285150700255,10.423969035019796,-0.20461674443704325,0.20461674443704325,-0.20461674443704325,0.20461674443704325,0.9591525045323692,0.9591525045323692,0.0431021585340922,0.0223290776579163,0.9959905639743551,True,True,True,True,FULL,FULL_direct_poly_rank_3
103,0.94,4.6125,15.17,14.2325,14.2325,3.230539541690666,1.0840108401084012,17.463039541690666,4.61254903129243,14.2325,3.1773788326611463,1.0840108401084012,17.409878832661146,4.702570956467417,-0.05316070902951964,0.05316070902951964,-0.05316070902951964,0.05316070902951964,0.09002192517498653,0.09002192517498653,0.0247878207076731,0.0102331485380489,0.9998528146613443,True,True,True,True,FULL,FULL_direct_poly_rank_3
104,0.46,1.61,0.57,0.4153333333333333,0.4153333333333333,1.2195408766373736,3.105590062111801,1.634874209970707,5.380408458094788,0.4153333333333333,1.2393041476891569,3.105590062111801,1.6546374810224902,5.332960471428704,0.019763271051783216,0.019763271051783216,0.019763271051783216,0.019763271051783216,-0.04744798666608396,0.04744798666608396,0.000601348799423,0.0004192114892261,0.9999551259069452,True,True,True,True,FULL,FULL_direct_poly_rank_3
105,0.38,2.1725,3.22,2.8175,2.8175,1.2095551373508462,2.3014959723820483,4.027055137350846,9.674876431868377,2.8175,1.139410126479632,2.3014959723820483,3.956910126479632,10.51875651243165,-0.07014501087121428,0.07014501087121428,-0.07014501087121428,0.07014501087121428,0.8438800805632738,0.8438800805632738,0.0222783187352226,0.0100306905544116,0.997055991050211,True,True,True,True,FULL,FULL_direct_poly_rank_3
106,6.69,7.0,11.06,11.03,11.03,6.769176332863529,0.7142857142857143,17.799176332863528,0.9707346090728766,11.03,6.283524925202103,0.7142857142857143,17.313524925202103,0.9911935818127886,-0.48565140766142534,0.48565140766142534,-0.48565140766142534,0.48565140766142534,0.02045897273991204,0.02045897273991204,0.0278391490550069,0.0140719586350222,0.9998061488978444,True,True,True,True,FULL,FULL_direct_poly_rank_3
107,0.15,1.5566666666666666,0.88,0.5103333333333334,0.5103333333333334,0.7081291518031402,3.211991434689508,1.2184624851364736,19.26598627033951,0.5103333333333334,0.7265998619048829,3.211991434689508,1.2369331952382163,18.328379761036853,0.018470710101742727,0.018470710101742727,0.018470710101742727,0.018470710101742727,-0.9376065093026575,0.9376065093026575,0.0034444996826809,0.0020129415688167,0.999258338251098,True,True,True,True,FULL,FULL_direct_poly_rank_3
108,0.24,2.175,5.1,3.69825,3.69825,2.8769666070220197,2.298850574712644,6.5752166070220195,13.53664985652516,3.69825,2.829599274230648,2.298850574712644,6.527849274230648,13.977496469932952,-0.04736733279137173,0.04736733279137173,-0.04736733279137173,0.04736733279137173,0.44084661340779085,0.44084661340779085,0.0119231859128317,0.0060322154853949,0.9996286364446912,True,True,True,True,FULL,FULL_direct_poly_rank_3
109,0.47,3.8575,14.84,13.285,13.285,3.275885261750222,1.2961762799740766,16.560885261750222,9.133208341560495,13.285,3.3427315962089708,1.2961762799740766,16.62773159620897,8.824938434329184,0.06684633445874866,0.06684633445874866,0.06684633445874866,0.06684633445874866,-0.30826990723131154,0.30826990723131154,0.0344101073924437,0.0132419055084412,0.999581579017329,True,True,True,True,FULL,FULL_direct_poly_rank_3
110,0.15,2.1675,1.23,0.6225,0.6225,0.9619833022068238,2.306805074971165,1.584483302206824,20.507804388385548,0.6225,0.9877921931260684,2.306805074971165,1.6102921931260683,19.129029362308575,0.025808890919244543,0.025808890919244543,0.02580889091924421,0.02580889091924421,-1.3787750260769727,1.3787750260769727,0.0059325188565329,0.0032968248653262,0.9989995361719488,True,True,True,True,FULL,FULL_direct_poly_rank_3
111,0.25,2.165,6.22,4.547499999999999,4.547499999999999,3.553532108811563,2.3094688221709005,8.101032108811562,12.896286747191096,4.547499999999999,3.470546176737969,2.3094688221709005,8.018046176737968,13.479447360332244,-0.08298593207359417,0.08298593207359417,-0.08298593207359417,0.08298593207359417,0.583160613141148,0.583160613141148,0.02044662164844,0.0103728857387388,0.9992723474384376,True,True,True,True,FULL,FULL_direct_poly_rank_3
112,0.46,4.1075,18.37,16.2525,16.2525,4.204330792736471,1.217285453438831,20.456830792736472,9.296747223836368,16.2525,4.378359452753646,1.217285453438831,20.630859452753647,8.663030575301738,0.17402866001717499,0.17402866001717499,0.17402866001717499,0.17402866001717499,-0.6337166485346302,0.6337166485346302,0.0845478501614083,0.0329864187511993,0.998272609220438,True,True,True,True,FULL,FULL_direct_poly_rank_3
113,0.21,1.5599999999999998,0.72,0.5333333333333333,0.5333333333333333,0.4530839141628877,3.2051282051282053,0.9864172474962212,14.758619332850811,0.5333333333333333,0.4520057946296451,3.2051282051282053,0.9853391279629784,14.8126752534999,-0.0010781195332426052,0.0010781195332426052,-0.0010781195332427718,0.0010781195332427718,0.05405592064908937,0.05405592064908937,0.0002106338968065,0.000114439295605,0.9999945689962042,True,True,True,True,FULL,FULL_direct_poly_rank_3
114,0.46,2.215,4.54,3.755,3.755,3.0550946555112306,2.2573363431151243,6.8100946555112305,6.812602552841997,3.755,2.7797197693693505,2.2573363431151243,6.53471976936935,7.589264992155768,-0.2753748861418801,0.2753748861418801,-0.2753748861418801,0.2753748861418801,0.7766624393137711,0.7766624393137711,0.0458608114516537,0.0242816600290322,0.9944947791838424,True,True,True,True,FULL,FULL_direct_poly_rank_3
115,3.02,4.84,14.29,13.226666666666668,13.226666666666668,67.62238227774218,1.0330578512396695,80.84904894440885,1.2379494369579531,13.226666666666668,56.6901654317892,1.0330578512396695,69.91683209845587,1.2855678718909145,-10.93221684595298,10.93221684595298,-10.93221684595298,10.93221684595298,0.04761843493296136,0.04761843493296136,0.1071410670828683,0.0658034218079335,0.9984090506884676,True,True,True,True,FULL,FULL_direct_poly_rank_3
116,0.1,1.5533333333333337,1.16,0.5640000000000001,0.5640000000000001,0.912890584776652,3.218884120171673,1.476890584776652,31.1344826944979,0.5640000000000001,0.982187555358068,3.218884120171673,1.5461875553580682,25.91087506952112,0.06929697058141604,0.06929697058141604,0.06929697058141615,0.06929697058141615,-5.223607624976783,5.223607624976783,0.0150813164075329,0.0086322268086082,0.993019289839798,True,True,True,True,FULL,FULL_direct_poly_rank_3
117,0.28,2.16,4.98,3.80875,3.80875,2.7207253448886286,2.314814814814815,6.5294753448886285,11.627647012732409,3.80875,2.6179169166307084,2.314814814814815,6.426666916630708,12.429171787330308,-0.10280842825792025,0.10280842825792025,-0.10280842825792025,0.10280842825792025,0.8015247745978993,0.8015247745978993,0.0255193378700025,0.0127413033775653,0.998225948520325,True,True,True,True,FULL,FULL_direct_poly_rank_3
118,0.84,3.88,14.83,12.9825,12.9825,7.331910697776193,1.288659793814433,20.314410697776193,4.123242699657944,12.9825,6.6549151464363,1.288659793814433,19.6374151464363,4.6150449222152155,-0.6769955513398926,0.6769955513398926,-0.6769955513398926,0.6769955513398926,0.49180222255727113,0.49180222255727113,0.1543140897311984,0.0750057368899995,0.9942629581756688,True,True,True,True,FULL,FULL_direct_poly_rank_3
119,0.05,1.5533333333333337,1.06,0.4603333333333333,0.4603333333333333,0.7347138188950575,3.218884120171673,1.1950471522283908,76.69251608229672,0.4603333333333333,0.9191221764174704,3.218884120171673,1.3794555097508037,40.41901540454576,0.1844083575224129,0.1844083575224129,0.1844083575224129,0.1844083575224129,-36.27350067775096,36.27350067775096,0.0434402728678316,0.0251859981483446,0.9311794617292274,True,True,True,True,FULL,FULL_direct_poly_rank_3
120,0.24,2.1675,5.34,3.634,3.634,3.551284821064535,2.306805074971165,7.185284821064535,12.76758648025316,3.634,3.4669323406286066,2.306805074971165,7.1009323406286065,13.368865338714151,-0.08435248043592836,0.08435248043592836,-0.08435248043592836,0.08435248043592836,0.6012788584609918,0.6012788584609918,0.0186269403875395,0.0099400092549104,0.9992578649226218,True,True,True,True,FULL,FULL_direct_poly_rank_3
121,0.58,3.8475,15.72,12.52,12.52,8.509190021060213,1.299545159194282,21.029190021060213,5.626700720273117,12.52,7.984522102163904,1.299545159194282,20.504522102163904,6.215237651901249,-0.5246679188963093,0.5246679188963093,-0.5246679188963093,0.5246679188963093,0.5885369316281315,0.5885369316281315,0.1270287735195141,0.0628233898560096,0.9957759047814236,True,True,True,True,FULL,FULL_direct_poly_rank_3
122,0.16,1.7866666666666664,1.46,0.5153333333333333,0.5153333333333333,1.791622665699797,2.7985074626865676,2.3069559990331303,15.27471027903135,0.5153333333333333,1.728806871692194,2.7985074626865676,2.2441402050255275,16.500185371622464,-0.06281579400760284,0.06281579400760284,-0.06281579400760284,0.06281579400760284,1.2254750925911146,1.2254750925911146,0.0102012430998471,0.0063457807300099,0.9987779241160092,True,True,True,True,FULL,FULL_direct_poly_rank_3
123,0.34,2.19,5.86,3.70375,3.70375,6.4076526447249105,2.2831050228310503,10.11140264472491,7.4904783908875965,3.70375,5.927613679319181,2.2831050228310503,9.63136367931918,8.308958621829667,-0.4800389654057291,0.4800389654057291,-0.4800389654057291,0.4800389654057291,0.8184802309420709,0.8184802309420709,0.0575415615052594,0.0358986493024142,0.9955799160408584,True,True,True,True,FULL,FULL_direct_poly_rank_3
124,0.72,3.9025,15.23,13.1975,13.1975,6.547895084347095,1.2812299807815504,19.745395084347095,4.922489465268678,13.1975,6.059045977582466,1.2812299807815504,19.256545977582466,5.466133482571605,-0.4888491067646292,0.4888491067646292,-0.4888491067646292,0.4888491067646292,0.5436440173029267,0.5436440173029267,0.1366728056582685,0.0636546975641685,0.9952314901310704,True,True,True,True,FULL,FULL_direct_poly_rank_3
125,0.13,1.5766666666666669,0.83,0.5316666666666667,0.5316666666666667,0.5110542316499418,3.1712473572938684,1.0427208983166083,25.070549134255213,0.5316666666666667,0.5449024954435204,3.1712473572938684,1.0765691621101872,21.89831244178712,0.03384826379357864,0.03384826379357864,0.03384826379357886,0.03384826379357886,-3.1722366924680934,3.1722366924680934,0.0077536919314423,0.0042319407427085,0.99464351118995,True,True,True,True,FULL,FULL_direct_poly_rank_3
126,0.33,2.195,4.91,4.2615,4.2615,1.6629195649406574,2.277904328018223,5.924419564940657,11.444353107108954,4.2615,1.5977447403462852,2.277904328018223,5.859244740346285,12.18925756734345,-0.06517482459437218,0.06517482459437218,-0.06517482459437218,0.06517482459437218,0.7449044602344959,0.7449044602344959,0.0238173439540058,0.0103042818896643,0.9984005443838176,True,True,True,True,FULL,FULL_direct_poly_rank_3
127,2.99,4.513333333333333,16.39,14.923333333333332,14.923333333333332,140.10135047238424,1.1078286558345645,155.0246838057176,1.2549920885699382,14.923333333333332,115.7911654267414,1.1078286558345645,130.71449876007475,1.2912709020058737,-24.31018504564284,24.31018504564284,-24.31018504564284,24.31018504564284,0.03627881343593553,0.03627881343593553,0.1116511034315731,0.0680740067830338,0.9986507536598752,True,True,True,True,FULL,FULL_direct_poly_rank_3
128,0.22,1.5666666666666669,1.38,0.6789999999999999,0.6789999999999999,1.9691572578488556,3.191489361702127,2.6481572578488555,10.298464829923804,0.6789999999999999,1.9106670218990032,3.191489361702127,2.589667021899003,10.703621036713328,-0.058490235949852476,0.058490235949852476,-0.058490235949852476,0.058490235949852476,0.405156206789524,0.405156206789524,0.0055779368075399,0.0038122396259721,0.9994781426392166,True,True,True,True,FULL,FULL_direct_poly_rank_3
129,0.39,2.18,6.11,4.593,4.593,5.057943521426855,2.293577981651376,9.650943521426855,7.34235077378404,4.593,4.641135222565815,2.293577981651376,9.234135222565817,8.178316383901535,-0.4168082988610404,0.4168082988610404,-0.41680829886103865,0.41680829886103865,0.835965610117495,0.835965610117495,0.060494635965961,0.0343208011024733,0.9946088839389704,True,True,True,True,FULL,FULL_direct_poly_rank_3
130,2.78,4.13,17.18,15.5675,15.5675,173.2142161184181,1.2106537530266344,188.7817161184181,1.354578535378103,15.5675,148.20023578703749,1.2106537530266344,163.76773578703748,1.3826793720141253,-25.013980331380623,25.013980331380623,-25.013980331380623,25.013980331380623,0.028100836636022253,0.028100836636022253,0.0889134376185505,0.054098002621842,0.9992214175768654,True,True,True,True,FULL,FULL_direct_poly_rank_3
131,0.3,1.57,0.69,0.4403333333333333,0.4403333333333333,0.989606450202688,3.184713375796178,1.4299397835360212,7.9675990689291964,0.4403333333333333,0.9662903225536223,3.184713375796178,1.4066236558869556,8.149217604199464,-0.023316127649065654,0.023316127649065654,-0.023316127649065654,0.023316127649065654,0.1816185352702675,0.1816185352702675,0.0016340011051065,0.0011195131800976,0.9997641198756078,True,True,True,True,FULL,FULL_direct_poly_rank_3
132,0.38,2.2025,4.61,3.49275,3.49275,3.5417527605950667,2.270147559591374,7.034502760595067,7.697329513236288,3.49275,3.259912774549406,2.270147559591374,6.752662774549406,8.585671781280315,-0.28183998604566085,0.28183998604566085,-0.28183998604566085,0.28183998604566085,0.8883422680440267,0.8883422680440267,0.0451711984706861,0.0250525287479754,0.9945563182957802,True,True,True,True,FULL,FULL_direct_poly_rank_3
133,0.58,3.89,14.25,12.71,12.71,3.870375185655917,1.2853470437017995,16.580375185655917,6.937928600833182,12.71,3.769569250283212,1.2853470437017995,16.479569250283213,7.23076303239718,-0.10080593537270488,0.10080593537270488,-0.10080593537270488,0.10080593537270488,0.2928344315639979,0.2928344315639979,0.0442992743051288,0.0181270592128777,0.9993370868967616,True,True,True,True,FULL,FULL_direct_poly_rank_3
134,0.29,1.5933333333333335,0.81,0.6846666666666668,0.6846666666666668,0.4027161872827163,3.1380753138075312,1.087382853949383,11.679447292728767,0.6846666666666668,0.3919919651751578,3.1380753138075312,1.0766586318418243,12.07596701269091,-0.010724222107558523,0.010724222107558523,-0.010724222107558745,0.010724222107558745,0.39651971996214286,0.39651971996214286,0.0023173184970696,0.0011632523016742,0.9995136264888348,True,True,True,True,FULL,FULL_direct_poly_rank_3
135,0.42,2.1925,4.74,4.255,4.255,1.6007301765706998,2.280501710376283,5.8557301765707,9.079561652406012,4.255,1.5071129441780862,2.280501710376283,5.762112944178086,9.816533437499096,-0.09361723239261366,0.09361723239261366,-0.09361723239261366,0.09361723239261366,0.7369717850930844,0.7369717850930844,0.0314885625493005,0.0139588260657858,0.9974518161155814,True,True,True,True,FULL,FULL_direct_poly_rank_3
136,2.48,4.18,15.4,14.19,14.19,62.34454554337887,1.1961722488038278,76.53454554337887,1.469660738779334,14.19,56.09101934148113,1.1961722488038278,70.28101934148113,1.506074129743645,-6.253526201897742,6.253526201897742,-6.253526201897742,6.253526201897742,0.036413390964311176,0.036413390964311176,0.0694576453296561,0.0425074596676894,0.9994118859763244,True,True,True,True,FULL,FULL_direct_poly_rank_3
137,1.18,1.85,0.63,0.575,0.575,4.239497230710774,2.702702702702702,4.814497230710774,3.1309195303367727,0.575,5.072307637783565,2.702702702702702,5.647307637783565,3.0524948994423102,0.8328104070727909,0.8328104070727909,0.8328104070727909,0.8328104070727909,-0.0784246308944625,0.0784246308944625,0.0034057348867931,0.0021155121865561,0.9991610251438758,True,True,True,True,FULL,FULL_direct_poly_rank_3
138,0.99,2.6033333333333335,4.93,4.496666666666667,4.496666666666667,4.9592094785200045,1.9206145966709345,9.455876145186672,3.460965956174455,4.496666666666667,4.721339721491353,1.9206145966709345,9.21800638815802,3.5593043694623097,-0.2378697570286512,0.2378697570286512,-0.2378697570286512,0.2378697570286512,0.09833841328785464,0.09833841328785464,0.0163487548154,0.0092237183667392,0.9996055618942188,True,True,True,True,FULL,FULL_direct_poly_rank_3
139,1.92,4.2125,17.14,16.56,16.56,9.158812659704571,1.1869436201780414,25.71881265970457,2.22655990128023,16.56,9.94640048812814,1.1869436201780414,26.50640048812814,2.1364075210502285,0.7875878284235682,0.7875878284235682,0.7875878284235682,0.7875878284235682,-0.0901523802300015,0.0901523802300015,0.0830209165049414,0.0447103750099208,0.9992673752598206,True,True,True,True,FULL,FULL_direct_poly_rank_3
140,0.42,1.7400000000000002,0.83,0.4525,0.4525,2.5886372580129136,2.8735632183908044,3.0411372580129137,4.84879553279124,0.4525,2.6200293348225605,2.8735632183908044,3.0725293348225606,4.817562174611937,0.03139207680964695,0.03139207680964695,0.03139207680964695,0.03139207680964695,-0.031233358179303394,0.031233358179303394,0.0007042212040348,0.0005523311305463,0.9999786132430066,True,True,True,True,FULL,FULL_direct_poly_rank_3
141,1.23,2.5733333333333337,4.22,4.026666666666666,4.026666666666666,3.714553371745124,1.94300518134715,7.74122003841179,3.22230726876678,4.026666666666666,4.1755953469751566,1.94300518134715,8.202262013641823,3.064027657188717,0.46104197523003254,0.46104197523003254,0.46104197523003254,0.46104197523003254,-0.15827961157806314,0.15827961157806314,0.0261292620755884,0.0147846180287606,0.9988290369339669,True,True,True,True,FULL,FULL_direct_poly_rank_3
142,1.79,4.84,15.01,14.9025,14.9025,0.8901040923931092,1.0330578512396695,15.792604092393107,3.4546415460563873,14.9025,1.664775874028333,1.0330578512396695,16.567275874028333,2.6117950641571097,0.7746717816352238,0.7746717816352238,0.7746717816352255,0.7746717816352255,-0.8428464818992776,0.8428464818992776,0.4212424348529174,0.1887376353803236,0.9686902050422384,True,True,True,True,FULL,FULL_direct_poly_rank_3
143,0.33,1.5733333333333333,0.58,0.4766666666666666,0.4766666666666666,0.4098600862261488,3.1779661016949152,0.8865267528928155,9.368454028225154,0.4766666666666666,0.3954062871564655,3.1779661016949152,0.8720729538231321,9.725865727361056,-0.014453799069683304,0.014453799069683304,-0.01445379906968336,0.01445379906968336,0.357411699135902,0.357411699135902,0.0020273883603062,0.0011225576241603,0.9993468938225252,True,True,True,True,FULL,FULL_direct_poly_rank_3
144,0.43,2.1725,4.53,3.8975,3.8975,2.2412867147074325,2.3014959723820483,6.138786714707432,7.955893974394428,3.8975,2.0680517439735455,2.3014959723820483,5.9655517439735455,8.789603838140064,-0.17323497073388694,0.17323497073388694,-0.17323497073388694,0.17323497073388694,0.8337098637456357,0.8337098637456357,0.0402110930654467,0.019601636285444,0.9955601406735916,True,True,True,True,FULL,FULL_direct_poly_rank_3
145,3.33,4.496666666666667,14.77,14.159999999999998,14.159999999999998,71.68575820940592,1.111934766493699,85.84575820940591,1.2931877819034847,14.159999999999998,62.75246814831576,1.111934766493699,76.91246814831575,1.3235774417536552,-8.933290061090162,8.933290061090162,-8.933290061090162,8.933290061090162,0.030389659850170503,0.030389659850170503,0.0668931329289966,0.0386628595146926,0.999385405407628,True,True,True,True,FULL,FULL_direct_poly_rank_3
146,0.13,1.5599999999999998,0.68,0.5633333333333334,0.5633333333333334,0.1951982739754749,3.2051282051282053,0.7585316073088083,31.88575510060682,0.5633333333333334,0.221806994699228,3.2051282051282053,0.7851403280325614,25.227110718082496,0.026608720723753088,0.026608720723753088,0.026608720723753088,0.026608720723753088,-6.658644382524322,6.658644382524322,0.0094212584594626,0.0041833309282079,0.9825261632767068,True,True,True,True,FULL,FULL_direct_poly_rank_3
147,1.84,3.1775,4.39,3.69,3.69,48.191526905344915,1.5735641227380015,51.88152690534491,1.779339325853626,3.69,49.260747327239606,1.5735641227380015,52.9507473272396,1.7743114277372587,1.0692204218946912,1.0692204218946912,1.0692204218946841,1.0692204218946841,-0.005027898116367391,0.005027898116367391,0.0030485207674165,0.0019378866925037,0.9999864855445808,True,True,True,True,FULL,FULL_direct_poly_rank_3
148,2.23,4.3774999999999995,15.49,14.875,14.875,14.10295307840756,1.142204454597373,28.97795307840756,1.8301286904573817,14.875,14.629334561728763,1.142204454597373,29.504334561728765,1.8019363085824736,0.5263814833212024,0.5263814833212024,0.5263814833212059,0.5263814833212059,-0.028192381874908135,0.028192381874908135,0.0307778556720586,0.0174089229475466,0.999883897759739,True,True,True,True,FULL,FULL_direct_poly_rank_3
149,0.18,1.5599999999999998,0.96,0.5433333333333333,0.5433333333333333,0.9264981470545324,3.2051282051282053,1.4698314803878656,14.731251978605432,0.5433333333333333,0.9243676721976768,3.2051282051282053,1.4677010055310102,14.78768263464606,-0.00213047485685558,0.00213047485685558,-0.0021304748568553578,0.0021304748568553578,0.05643065604062869,0.05643065604062869,0.0003198527421001,0.000196950737125,0.9999951999246708,True,True,True,True,FULL,FULL_direct_poly_rank_3
150,0.4,2.175,5.29,4.25,4.25,3.4798658017251105,2.298850574712644,7.7298658017251105,7.755705088302538,4.25,3.197622103121427,2.298850574712644,7.447622103121427,8.641232705306852,-0.2822436986036836,0.2822436986036836,-0.2822436986036836,0.2822436986036836,0.885527617004314,0.885527617004314,0.0511917733662587,0.027010245642741,0.9946144593566634,True,True,True,True,FULL,FULL_direct_poly_rank_3
151,0.99,3.6125,15.85,14.965,14.965,4.712295648967803,1.384083044982699,19.677295648967803,4.185634509215309,14.965,4.487816375185005,1.384083044982699,19.452816375185005,4.3778338293519985,-0.22447927378279786,0.22447927378279786,-0.22447927378279786,0.22447927378279786,0.19219932013668917,0.19219932013668917,0.0690981868731497,0.0316705881136643,0.999158381146016,True,True,True,True,FULL,FULL_direct_poly_rank_3
152,1.16,1.9,0.64,0.54,0.54,8.918859589233094,2.6315789473684212,9.458859589233091,2.9158636476035604,0.54,11.104392779825428,2.6315789473684212,11.644392779825427,2.854865944498374,2.1855331905923343,2.1855331905923343,2.185533190592336,2.185533190592336,-0.060997703105186485,0.060997703105186485,0.003677625067486,0.0023442795184619,0.9991215959995332,True,True,True,True,FULL,FULL_direct_poly_rank_3
153,1.3,2.566666666666667,4.2,3.9333333333333336,3.9333333333333336,6.732843008196392,1.948051948051948,10.666176341529724,2.832743127876559,3.9333333333333336,7.156667640432783,1.948051948051948,11.090000973766116,2.7717700290098715,0.423824632236391,0.423824632236391,0.4238246322363928,0.4238246322363928,-0.06097309886668745,0.06097309886668745,0.0125391932375831,0.0073952963499981,0.9997305354987098,True,True,True,True,FULL,FULL_direct_poly_rank_3
154,5.1,31.453947067343865,14.28,13.490170336848536,13.490170336848536,2.087839211051561,0.1589625616554528,15.578009547900097,0.9263059984631752,13.490170336848536,2.2906485197842468,0.1589625616554528,15.780818856632782,0.830427980764749,0.20280930873268588,0.20280930873268588,0.20280930873268588,0.20280930873268588,-0.09587801769842619,0.09587801769842619,0.1165152867421265,0.0446295325939359,0.9956785460716168,True,True,True,True,FULL,FULL_direct_poly_rank_3
155,0.56,1.5599999999999998,0.58,0.4766666666666666,0.4766666666666666,1.2430840918042927,3.2051282051282053,1.7197507584709593,5.0236277196711585,0.4766666666666666,1.3119052032513312,3.2051282051282053,1.7885718699179978,4.906058420028069,0.06882111144703851,0.06882111144703851,0.06882111144703851,0.06882111144703851,-0.11756929964308949,0.11756929964308949,0.0017331850832214,0.001122973887361,0.999659987568934,True,True,True,True,FULL,FULL_direct_poly_rank_3
156,0.67,2.1775,4.06,3.745,3.745,2.1627193549790276,2.296211251435132,5.907719354979028,5.4890381882934465,3.745,2.0777257633315775,2.296211251435132,5.822725763331578,5.661910421788523,-0.08499359164745002,0.08499359164745002,-0.08499359164745002,0.08499359164745002,0.17287223349507652,0.17287223349507652,0.0131171068035173,0.0067403147896066,0.999573076126351,True,True,True,True,FULL,FULL_direct_poly_rank_3
157,1.32,3.9,14.36,13.5925,13.5925,6.126023681195667,1.2820512820512822,19.718523681195663,3.032176279008363,13.5925,5.915050023965273,1.2820512820512822,19.507550023965273,3.110445637230511,-0.21097365723039374,0.21097365723039374,-0.2109736572303902,0.2109736572303902,0.07826935822214809,0.07826935822214809,0.0389795093926385,0.0194959029910169,0.9997198698680176,True,True,True,True,FULL,FULL_direct_poly_rank_3
158,0.17,1.6233333333333333,1.0,0.5720000000000001,0.5720000000000001,0.8749487231528226,3.080082135523614,1.4469487231528226,16.31818533574024,0.5720000000000001,0.8789705933389098,3.080082135523614,1.45097059333891,16.18132356897094,0.00402187018608724,0.00402187018608724,0.004021870186087462,0.004021870186087462,-0.13686176676930017,0.13686176676930017,0.000691870255426,0.0004120183338472,0.999978089146914,True,True,True,True,FULL,FULL_direct_poly_rank_3
159,0.32,2.1825,5.06,4.11975,4.11975,2.410582651104151,2.290950744558992,6.530332651104151,10.626543938716322,4.11975,2.2899209522621593,2.290950744558992,6.409670952262159,11.535140398929856,-0.12066169884199152,0.12066169884199152,-0.12066169884199152,0.12066169884199152,0.9085964602135341,0.9085964602135341,0.0327913971325983,0.0156547375464696,0.997186941492878,True,True,True,True,FULL,FULL_direct_poly_rank_3
160,1.07,3.895,14.3,13.0025,13.0025,7.31537030166651,1.2836970474967908,20.31787030166651,3.3651116062820727,13.0025,6.643685572735643,1.2836970474967908,19.646185572735643,3.675829178809314,-0.6716847289308667,0.6716847289308667,-0.6716847289308667,0.6716847289308667,0.3107175725272411,0.3107175725272411,0.1275109865462172,0.0635461471341386,0.9964631991004232,True,True,True,True,FULL,FULL_direct_poly_rank_3
161,0.1,1.5666666666666669,0.85,0.5843333333333334,0.5843333333333334,0.3978559436075378,3.191489361702127,0.9821892769408712,37.33548887229885,0.5843333333333334,0.4581965830299124,3.191489361702127,1.0425299163632458,27.397161844273256,0.06034063942237461,0.06034063942237461,0.06034063942237455,0.06034063942237455,-9.938327028025597,9.938327028025597,0.0158153845941179,0.008252663419135,0.9737999954163116,True,True,True,True,FULL,FULL_direct_poly_rank_3
162,0.24,2.175,6.09,4.409,4.409,3.4511384121172206,2.298850574712644,7.86013841211722,13.515323404054092,4.409,3.3934808417067277,2.298850574712644,7.802480841706728,13.962134205927445,-0.05765757041049291,0.05765757041049291,-0.05765757041049202,0.05765757041049202,0.44681080187335276,0.44681080187335276,0.0144630545442789,0.0073276953123381,0.9996177680683708,True,True,True,True,FULL,FULL_direct_poly_rank_3
163,0.5,3.8625,16.89,15.2325,15.2325,3.655467066441505,1.2944983818770228,18.887967066441504,8.601598077321363,15.2325,3.696056520208588,1.2944983818770228,18.928556520208588,8.446468579316766,0.04058945376708323,0.04058945376708323,0.04058945376708323,0.04058945376708323,-0.1551294980045963,0.1551294980045963,0.0213080658693896,0.0081835957153471,0.9998805195163808,True,True,True,True,FULL,FULL_direct_poly_rank_3
164,0.07,1.5566666666666666,0.85,0.5843333333333334,0.5843333333333334,0.3510048045966245,3.211991434689508,0.935338137929958,59.36701870371923,0.5843333333333334,0.4571967377007857,3.211991434689508,1.041530071034119,33.5511455978833,0.10619193310416125,0.10619193310416125,0.10619193310416108,0.10619193310416108,-25.815873105835934,25.815873105835934,0.0270404259635608,0.0147365741680721,0.9177310502614492,True,True,True,True,FULL,FULL_direct_poly_rank_3
165,0.23,2.1675,5.85,4.43275,4.43275,2.80147060168731,2.306805074971165,7.23422060168731,14.978792929839672,4.43275,2.793605629555028,2.306805074971165,7.226355629555028,15.062116413593872,-0.007864972132281878,0.007864972132281878,-0.007864972132281878,0.007864972132281878,0.0833234837541994,0.0833234837541994,0.0022620083914435,0.0010873224669032,0.999988950040214,True,True,True,True,FULL,FULL_direct_poly_rank_3
166,0.75,3.8625,16.87,15.795,15.795,3.4935563581594646,1.2944983818770228,19.288556358159465,5.80409010742513,15.795,3.386671345814152,1.2944983818770228,19.181671345814152,6.034100673085813,-0.10688501234531245,0.10688501234531245,-0.10688501234531245,0.10688501234531245,0.23001056566068367,0.23001056566068367,0.0542971880993784,0.0218955030477967,0.9994085794031722,True,True,True,True,FULL,FULL_direct_poly_rank_3
167,0.17,1.5599999999999998,0.8,0.5579999999999999,0.5579999999999999,0.4953159279041487,3.2051282051282053,1.0533159279041486,18.51576110820791,0.5579999999999999,0.5077997844770427,3.2051282051282053,1.0657997844770426,17.711906782386176,0.01248385657289397,0.01248385657289397,0.01248385657289397,0.01248385657289397,-0.8038543258217352,0.8038543258217352,0.0026567543910548,0.001443431652837,0.9992930701002471,True,True,True,True,FULL,FULL_direct_poly_rank_3
168,1.11,2.563333333333333,4.61,4.293333333333333,4.293333333333333,4.918051194692046,1.950585175552666,9.21138452802538,3.258019017990617,4.293333333333333,4.977437208306204,1.950585175552666,9.270770541639536,3.239351762956699,0.05938601361415863,0.05938601361415863,0.059386013614155075,0.059386013614155075,-0.018667255033918195,0.018667255033918195,0.0032680028390944,0.0018614094754776,0.9999835013623902,True,True,True,True,FULL,FULL_direct_poly_rank_3
169,3.93,4.553333333333334,16.61,16.513333333333332,16.513333333333332,14.198414912137522,1.0980966325036603,30.711748245470854,1.4757256498343354,16.513333333333332,25.907326285574893,1.0980966325036603,42.420659618908225,1.306909041809287,11.70891137343737,11.70891137343737,11.70891137343737,11.70891137343737,-0.1688166080250484,0.1688166080250484,0.2378472945640115,0.1273951259291674,0.9939834003716236,True,True,True,True,FULL,FULL_direct_poly_rank_3
170,0.19,1.5533333333333337,0.76,0.5436666666666666,0.5436666666666666,0.4848535368761771,3.218884120171673,1.0285202035428438,16.275028887164293,0.5436666666666666,0.4894635272431041,3.218884120171673,1.0331301939097708,16.023969829879487,0.004609990366926997,0.004609990366926997,0.004609990366926997,0.004609990366926997,-0.25105905728480593,0.25105905728480593,0.0009213577819028,0.0005041941872076,0.9999069943239648,True,True,True,True,FULL,FULL_direct_poly_rank_3
171,0.32,2.17,4.74,4.0465,4.0465,1.7565900119017304,2.3041474654377883,5.80309001190173,11.4900793995,4.0465,1.685929736508263,2.3041474654377883,5.732429736508263,12.269411453801869,-0.07066027539346731,0.07066027539346731,-0.07066027539346731,0.07066027539346731,0.779332054301868,0.779332054301868,0.0239390292357128,0.0106187977236292,0.9982528416350576,True,True,True,True,FULL,FULL_direct_poly_rank_3
172,1.88,4.13,15.76,14.8875,14.8875,14.997831291761866,1.2106537530266344,29.885331291761865,2.0220034481788933,14.8875,14.64694986516809,1.2106537530266344,29.53444986516809,2.045232179610661,-0.3508814265937765,0.3508814265937765,-0.3508814265937765,0.3508814265937765,0.023228731431767624,0.023228731431767624,0.022502719416414,0.0126191363316939,0.9999355864870632,True,True,True,True,FULL,FULL_direct_poly_rank_3
173,0.23,1.5666666666666669,0.81,0.5826666666666666,0.5826666666666666,0.6080845262035995,3.191489361702127,1.190751192870266,12.675105003139644,0.5826666666666666,0.5982779712632306,3.191489361702127,1.1809446379298971,12.968461929496195,-0.009806554940368972,0.009806554940368972,-0.009806554940368972,0.009806554940368972,0.29335692635655164,0.29335692635655164,0.0015777514992774,0.000904247272168,0.9997796482789704,True,True,True,True,FULL,FULL_direct_poly_rank_3
174,0.27,2.18,5.18,4.452999999999999,4.452999999999999,1.5717255574854088,2.293577981651376,6.024725557485408,14.53141002624948,4.452999999999999,1.562209622535752,2.293577981651376,6.015209622535751,14.68835861077019,-0.009515934949656746,0.009515934949656746,-0.009515934949656746,0.009515934949656746,0.15694858452070903,0.15694858452070903,0.0038933549179135,0.0016216313113461,0.9999568246721212,True,True,True,True,FULL,FULL_direct_poly_rank_3
175,1.85,4.1125,17.29,16.4125,16.4125,14.29966321375646,1.21580547112462,30.71216321375646,2.100213453400296,16.4125,14.196409713895502,1.21580547112462,30.608909713895503,2.107807059488454,-0.10325349986095844,0.10325349986095844,-0.10325349986095844,0.10325349986095844,0.007593606088157845,0.007593606088157845,0.0076374869378543,0.0042336222934115,0.9999938170053678,True,True,True,True,FULL,FULL_direct_poly_rank_3
176,0.65,1.5766666666666669,0.57,0.478,0.478,1.612273609680621,3.1712473572938684,2.090273609680621,4.48569879514461,0.478,1.775466749193644,3.1712473572938684,2.253466749193644,4.342201675714377,0.16319313951302306,0.16319313951302306,0.16319313951302306,0.16319313951302306,-0.1434971194302328,0.1434971194302328,0.0025896895173612,0.0016667749263277,0.9992714296461054,True,True,True,True,FULL,FULL_direct_poly_rank_3
177,1.47,2.6333333333333333,3.8,3.616,3.616,6.14964024424423,1.89873417721519,9.76564024424423,2.66832825839853,3.616,7.013455652451,1.89873417721519,10.629455652451,2.5611543934705256,0.8638154082067704,0.8638154082067704,0.8638154082067704,0.8638154082067704,-0.10717386492800429,0.10717386492800429,0.0219563138203951,0.0130210869718939,0.9990488050698708,True,True,True,True,FULL,FULL_direct_poly_rank_3
178,2.12,4.1575,13.69,12.965,12.965,17.833183532648366,1.2026458208057729,30.79818353264837,1.8070468059221405,12.965,17.536330745185953,1.2026458208057729,30.501330745185953,1.8191431678270815,-0.29685278746241295,0.29685278746241295,-0.2968527874624165,0.2968527874624165,0.012096361904941011,0.012096361904941011,0.0123413562249613,0.0071306186432543,0.9999757967854742,True,True,True,True,FULL,FULL_direct_poly_rank_3
179,0.48,1.5666666666666669,0.88,0.6386666666666666,0.6386666666666666,2.2710172374402005,3.191489361702127,2.909683904106867,5.11752583659357,0.6386666666666666,2.3912293447821615,3.191489361702127,3.029896011448828,4.995483101770708,0.12021210734196108,0.12021210734196108,0.12021210734196108,0.12021210734196108,-0.12204273482286165,0.12204273482286165,0.0026555585696773,0.0018803462978341,0.9996491848352468,True,True,True,True,FULL,FULL_direct_poly_rank_3
180,0.52,2.9225,5.54,4.727,4.727,2.527730037291942,1.710863986313088,7.254730037291942,6.676100463922199,4.727,2.3203188382208975,1.710863986313088,7.047318838220898,7.533516599759062,-0.20741119907104455,0.20741119907104455,-0.20741119907104455,0.20741119907104455,0.8574161358368624,0.8574161358368624,0.0569225607553585,0.0266795852277563,0.9936119649097208,True,True,True,True,FULL,FULL_direct_poly_rank_3
181,0.9,3.925,17.84,14.94,14.94,13.029435602700998,1.2738853503184715,27.969435602700997,3.4621547532157915,14.94,11.6324332465078,1.2738853503184715,26.5724332465078,3.8975577944900226,-1.3970023561931981,1.3970023561931981,-1.3970023561931981,1.3970023561931981,0.43540304127423113,0.43540304127423113,0.2068697811501028,0.1108852119136191,0.9931853426271108,True,True,True,True,FULL,FULL_direct_poly_rank_3
182,0.22,1.49,0.66,0.4575,0.4575,0.5513217275318822,3.3557046979865772,1.0088217275318825,12.75282127395527,0.4575,0.5472611905868194,3.3557046979865772,1.0047611905868197,12.881446849246686,-0.004060536945062809,0.004060536945062809,-0.004060536945062809,0.004060536945062809,0.12862557529141583,0.12862557529141583,0.0005793682727845,0.0003455797464972,0.9999578351908536,True,True,True,True,FULL,FULL_direct_poly_rank_3
183,1.93,3.1,4.22,4.0145,4.0145,10.822557992923612,1.6129032258064515,14.837057992923611,2.064879723343122,4.0145,11.724870499572372,1.6129032258064515,15.739370499572372,2.025086809087154,0.9023125066487605,0.9023125066487605,0.9023125066487605,0.9023125066487605,-0.03979291425596809,0.03979291425596809,0.0133586973839563,0.0081090094182657,0.9997250414035734,True,True,True,True,FULL,FULL_direct_poly_rank_3
184,3.98,4.75,15.12,14.85,14.85,45.661479023586836,1.0526315789473684,60.51147902358684,1.247654255784918,14.85,45.63798963482741,1.0526315789473684,60.487989634827414,1.247768749609251,-0.023489388759422525,0.023489388759422525,-0.023489388759422525,0.023489388759422525,0.00011449382433315058,0.00011449382433315058,0.0002261589688402,0.0001245194808155,0.999999993216746,True,True,True,True,FULL,FULL_direct_poly_rank_3
185,0.13,1.5666666666666669,1.09,0.5446666666666667,0.5446666666666667,0.9576325699215577,3.191489361702127,1.5022992365882244,21.905585532286455,0.5446666666666667,0.9879261002339044,3.191489361702127,1.5325927669005712,20.46862174799363,0.030293530312346717,0.030293530312346717,0.030293530312346828,0.030293530312346828,-1.436963784292825,1.436963784292825,0.0057865517490946,0.0034189577737372,0.998877587500483,True,True,True,True,FULL,FULL_direct_poly_rank_3
186,0.28,2.1775,5.16,3.81425,3.81425,3.130431077528114,2.296211251435132,6.944681077528114,11.220553160809676,3.81425,3.0027097935968023,2.296211251435132,6.816959793596802,12.058997891364408,-0.12772128393131155,0.12772128393131155,-0.12772128393131155,0.12772128393131155,0.8384447305547322,0.8384447305547322,0.029040558024539,0.0149984350810434,0.9979467031001628,True,True,True,True,FULL,FULL_direct_poly_rank_3
187,0.7,3.88,16.09,11.71,11.71,14.993697153202367,1.288659793814433,26.70369715320237,3.931657649182005,11.71,13.59344343926955,1.288659793814433,25.30344343926955,4.434350212665376,-1.400253713932818,1.400253713932818,-1.4002537139328197,1.4002537139328197,0.5026925634833712,0.5026925634833712,0.1822287631115234,0.106685496942659,0.9932521137613136,True,True,True,True,FULL,FULL_direct_poly_rank_3
188,1.1,2.06,0.64,0.593,0.593,1.513280437089641,2.4271844660194173,2.1062804370896413,3.268679989536249,0.593,1.6958778426932404,2.4271844660194173,2.2888778426932403,3.164406141916726,0.18259740560359927,0.18259740560359927,0.18259740560359905,0.18259740560359905,-0.10427384761952307,0.10427384761952307,0.003105963908958,0.0018793308944139,0.9992955187649064,True,True,True,True,FULL,FULL_direct_poly_rank_3
189,3.11,3.85,4.79,4.4285,4.4285,105.61771145632456,1.2987012987012987,110.04621145632456,1.3813754414682702,4.4285,83.75698801120448,1.2987012987012987,88.18548801120448,1.405638606332772,-21.860723445120072,21.860723445120072,-21.860723445120072,21.860723445120072,0.02426316486450175,0.02426316486450175,0.0282443741163286,0.0161750486595812,0.9989729736742028,True,True,True,True,FULL,FULL_direct_poly_rank_3
190,2.95,4.833333333333333,17.57,15.660000000000002,15.660000000000002,133.5433516563727,1.0344827586206895,149.2033516563727,1.194201194728314,15.660000000000002,111.6308479995895,1.0344827586206895,127.2908479995895,1.2312784409161517,-21.912503656783187,21.912503656783187,-21.912503656783187,21.912503656783187,0.0370772461878377,0.0370772461878377,0.1222446939080417,0.0761741988552642,0.9986106249619132,True,True,True,True,FULL,FULL_direct_poly_rank_3
191,0.1,1.64,1.15,0.5823333333333333,0.5823333333333333,0.8468851223123651,3.048780487804878,1.4292184556456984,32.276683117014976,0.5823333333333333,0.919013686626752,3.048780487804878,1.5013470199600851,26.15071193659835,0.07212856431438686,0.07212856431438686,0.07212856431438674,0.07212856431438674,-6.125971180416627,6.125971180416627,0.016415151958781,0.0092559414891968,0.9909151733158632,True,True,True,True,FULL,FULL_direct_poly_rank_3
192,0.26,2.06,5.06,2.78625,2.78625,5.537602820988881,2.4271844660194173,8.323852820988881,9.67711986223781,2.78625,5.229948618366483,2.4271844660194173,8.016198618366483,10.605200310285754,-0.3076542026223983,0.3076542026223983,-0.3076542026223983,0.3076542026223983,0.928080448047945,0.928080448047945,0.0424386072207353,0.0264378494374721,0.9972007716757102,True,True,True,True,FULL,FULL_direct_poly_rank_3
193,0.48,3.91,15.79,12.4225,12.4225,7.40432598861948,1.278772378516624,19.82682598861948,7.151633571136485,12.4225,7.215085583152767,1.278772378516624,19.637585583152767,7.494803028081453,-0.1892404054667125,0.1892404054667125,-0.1892404054667125,0.1892404054667125,0.3431694569449677,0.3431694569449677,0.0543857193388098,0.0258263069183995,0.9991467343081288,True,True,True,True,FULL,FULL_direct_poly_rank_3
194,0.47,1.5599999999999998,0.9,0.6583333333333333,0.6583333333333333,2.1587521490528645,3.2051282051282053,2.8170854823861977,5.267358968714256,0.6583333333333333,2.253098946039046,3.2051282051282053,2.9114322793723786,5.157450650843959,0.09434679698618131,0.09434679698618131,0.09434679698618087,0.09434679698618087,-0.10990831787029709,0.10990831787029709,0.0023304411928792,0.0016368716918289,0.999736990507103,True,True,True,True,FULL,FULL_direct_poly_rank_3
195,0.49,2.1875,5.79,4.2505,4.2505,7.336962282580967,2.2857142857142856,11.587462282580969,5.320972461121309,4.2505,6.67904616145363,2.2857142857142856,10.92954616145363,5.792176811715978,-0.6579161211273377,0.6579161211273377,-0.6579161211273394,0.6579161211273394,0.47120435059466903,0.47120435059466903,0.0513561050425528,0.0324988057063694,0.9963135816835328,True,True,True,True,FULL,FULL_direct_poly_rank_3
196,1.09,3.86,17.51,14.9375,14.9375,16.553387035413166,1.2953367875647668,31.490887035413166,2.8169440230151195,14.9375,14.640884683739102,1.2953367875647668,29.578384683739102,3.1118606924624856,-1.912502351674064,1.912502351674064,-1.912502351674064,1.912502351674064,0.29491666944736616,0.29491666944736616,0.187930629168096,0.1057656751196724,0.994908066379131,True,True,True,True,FULL,FULL_direct_poly_rank_3
197,0.14,2.0725,0.99,0.65575,0.65575,0.5146811885872504,2.4125452352231607,1.1704311885872505,25.510159206488257,0.65575,0.5562959766607207,2.4125452352231607,1.2120459766607208,21.167071403605625,0.0416147880734703,0.0416147880734703,0.0416147880734703,0.0416147880734703,-4.343087802882632,4.343087802882632,0.0112946668754927,0.0057894226632434,0.9909462223395488,True,True,True,True,FULL,FULL_direct_poly_rank_3
198,0.4,2.9125,5.46,4.44825,4.44825,2.4337808805815433,1.7167381974248928,6.882030880581543,8.688241808193261,4.44825,2.3110186571598934,1.7167381974248928,6.759268657159893,9.499527092884646,-0.12276222342164989,0.12276222342164989,-0.12276222342164989,0.12276222342164989,0.811285284691385,0.811285284691385,0.0372162533379926,0.0171764334621636,0.9967611224406504,True,True,True,True,FULL,FULL_direct_poly_rank_3
199,2.66,4.3725000000000005,17.29,16.490000000000002,16.490000000000002,37.39926722177272,1.1435105774728416,53.88926722177272,1.504191322919805,16.490000000000002,36.20662701876772,1.1435105774728416,52.69662701876772,1.5181469547301796,-1.1926402030049985,1.1926402030049985,-1.1926402030049985,1.1926402030049985,0.013955631810374625,0.013955631810374625,0.025211555839123,0.0151078648430022,0.9999414571476628,True,True,True,True,FULL,FULL_direct_poly_rank_3
200,1.09,1.85,0.51,0.452,0.452,3.5013968656521643,2.702702702702702,3.953396865652164,3.161464776235545,0.452,4.087821557278903,2.702702702702702,4.539821557278903,3.0876288780964645,0.5864246916267386,0.5864246916267386,0.586424691626739,0.586424691626739,-0.07383589813908031,0.07383589813908031,0.0025207205568143,0.0015842736755399,0.9992859600149132,True,True,True,True,FULL,FULL_direct_poly_rank_3
201,4.54,28.00018033053748,3.73,3.372542584212134,3.372542584212134,0.9705608512144872,0.178570278511632,4.343103435426621,0.8969826858645201,3.372542584212134,0.8668796235622978,0.178570278511632,4.239422207774432,1.1064497973625291,-0.10368122765218946,0.10368122765218946,-0.10368122765218946,0.10368122765218946,0.209467111498009,0.209467111498009,0.0611577402990153,0.0232450814552625,0.9825634253971788,True,True,True,True,FULL,FULL_direct_poly_rank_3
202,5.68,6.0,13.66,13.51,13.51,45.684267603740025,0.8333333333333334,59.19426760374002,0.9611956816495174,13.51,32.41655413487311,0.8333333333333334,45.92655413487311,1.0261009741958749,-13.267713468866916,13.267713468866916,-13.267713468866916,13.267713468866916,0.06490529254635746,0.06490529254635746,0.1526459977985229,0.0803506947295432,0.996015825655741,True,True,True,True,FULL,FULL_direct_poly_rank_3
203,8.16,15.0,0.64,0.4826666666666666,0.4826666666666666,11.163229285157737,0.3333333333333333,11.645895951824402,0.3680224492093827,0.4826666666666666,21.809251491739506,0.3333333333333333,22.29191815840617,0.3502298261810254,10.646022206581769,10.646022206581769,10.646022206581767,10.646022206581767,-0.017792623028357324,0.017792623028357324,0.0085221431874863,0.0056072716988461,0.995737700321126,True,True,True,True,FULL,FULL_direct_poly_rank_3
204,9.63,15.0,1.15,0.9263333333333332,0.9263333333333332,31.67109901569681,0.3333333333333333,32.59743234903014,0.356302565715436,0.9263333333333332,32.968740195612625,0.3333333333333333,33.89507352894596,0.3553230055304939,1.2976411799158143,1.2976411799158143,1.2976411799158143,1.2976411799158143,-0.0009795601849421076,0.0009795601849421076,0.0011421280190562,0.000723131345142,0.999978782443615,True,True,True,True,FULL,FULL_direct_poly_rank_3
205,8.17,15.0,1.67,1.391,1.391,14.757831874738754,0.3333333333333333,16.148831874738754,0.3859250855203011,1.391,16.650376860923416,0.3333333333333333,18.041376860923418,0.3792203237129528,1.892544986184662,1.892544986184662,1.8925449861846637,1.8925449861846637,-0.006704761807348303,0.006704761807348303,0.0063991654035545,0.0040946775130719,0.999569502255106,True,True,True,True,FULL,FULL_direct_poly_rank_3
206,7.68,15.0,2.36,1.9943333333333333,1.9943333333333333,14.016889640854824,0.3333333333333333,16.011222974188158,0.404258783461519,1.9943333333333333,15.822912061179132,0.3333333333333333,17.817245394512465,0.3950362313127173,1.8060224203243074,1.8060224203243074,1.8060224203243074,1.8060224203243074,-0.009222552148801688,0.009222552148801688,0.0101677472699232,0.0064929331033987,0.9994217397455136,True,True,True,True,FULL,FULL_direct_poly_rank_3
207,12.65,17.5,2.87,2.478,2.478,85.54466261294648,0.2857142857142857,88.02266261294648,0.3027127732951231,2.478,68.39275397446099,0.2857142857142857,70.87075397446098,0.3074411170193052,-17.151908638485494,17.151908638485494,-17.151908638485494,17.151908638485494,0.004728343724182127,0.004728343724182127,0.0170176740792878,0.0102089378000917,0.9991671124858368,True,True,True,True,FULL,FULL_direct_poly_rank_3
209,0.55,3.75,0.015,0.014,0.014,0.0024195869070291,1.3333333333333333,0.0164195869070291,8.395940887010124,0.014,0.0027980919469918,1.3333333333333333,0.0167980919469918,7.070105503818986,0.00037850503996270015,0.00037850503996270015,0.00037850503996269755,0.00037850503996269755,-1.3258353831911371,1.3258353831911371,0.0001846323764436,7.315782687499093e-05,0.9894967215201113,True,True,True,True,FULL,FULL_direct_poly_rank_3
210,0.73,3.75,0.017,0.0155,0.0155,0.0049950016940742,1.3333333333333333,0.0204950016940742,5.436911505105911,0.0155,0.0049428584192302,1.3333333333333333,0.0204428584192302,5.504952959274316,-5.2143274844000144e-05,5.2143274844000144e-05,-5.2143274843999277e-05,5.2143274843999277e-05,0.06804145416840512,0.06804145416840512,1.7832564135825488e-05,7.879331107162532e-06,0.9999372575522956,True,True,True,True,FULL,FULL_direct_poly_rank_3
211,0.73,3.75,0.031,0.0205,0.0205,0.0421170527109933,1.3333333333333333,0.0626170527109933,3.3538139443417307,0.0205,0.0396055622711103,1.3333333333333333,0.0601055622711103,3.561773020360608,-0.002511490439883003,0.002511490439883003,-0.0025114904398829963,0.0025114904398829963,0.2079590760188772,0.2079590760188772,0.0001933106519093,0.0001286052723466,0.9982882055911814,True,True,True,True,FULL,FULL_direct_poly_rank_3
212,0.56,4.25,0.032,0.0305,0.0305,0.0032729190185453,1.1764705882352942,0.0337729190185453,9.217143579218789,0.0305,0.0038842167742368,1.1764705882352942,0.0343842167742368,7.519799281276203,0.0006112977556915001,0.0006112977556915001,0.0006112977556914992,0.0006112977556914992,-1.6973442979425855,1.6973442979425855,0.0004346754190753,0.000152733226754,0.9862892555162146,True,True,True,True,FULL,FULL_direct_poly_rank_3
213,0.61,4.25,0.036,0.032,0.032,0.0097117896904809,1.1764705882352942,0.0417117896904809,6.613265489413038,0.032,0.0099748635323785,1.1764705882352942,0.0419748635323785,6.360827063925579,0.00026307384189759933,0.00026307384189759933,0.00026307384189759586,0.00026307384189759586,-0.2524384254874592,0.2524384254874592,0.0001032405436108,4.370426321062909e-05,0.9994218318981848,True,True,True,True,FULL,FULL_direct_poly_rank_3
214,0.8,4.25,0.041,0.0365,0.0365,0.0146135447707714,1.1764705882352942,0.0511135447707714,4.687843076991533,0.0365,0.0139374546804543,1.1764705882352942,0.0504374546804543,4.980982336589109,-0.0006760900903171,0.0006760900903171,-0.0006760900903171052,0.0006760900903171052,0.2931392595975755,0.2931392595975755,0.0002106119711307,9.520751035345776e-05,0.9984568971038472,True,True,True,True,FULL,FULL_direct_poly_rank_3
215,0.85,4.25,0.053,0.0412499999999999,0.0412499999999999,0.0449535990108785,1.1764705882352942,0.0862035990108784,3.4008265344224067,0.0412499999999999,0.0411464467123874,1.1764705882352942,0.0823964467123873,3.7548445517983025,-0.003807152298491101,0.003807152298491101,-0.003807152298491101,0.003807152298491101,0.3540180173758958,0.3540180173758958,0.0004992010587537,0.0002843859959168,0.995280985917416,True,True,True,True,FULL,FULL_direct_poly_rank_3
216,1.18,4.75,0.072,0.06875,0.06875,0.0144953537063408,1.0526315789473684,0.0832453537063408,3.803418428356459,0.06875,0.0143269381326995,1.0526315789473684,0.0830769381326995,3.846925804221216,-0.000168415573641301,0.000168415573641301,-0.00016841557364130622,0.00016841557364130622,0.04350737586475706,0.04350737586475706,7.486881616654918e-05,3.195527688917614e-05,0.9999483010567009,True,True,True,True,FULL,FULL_direct_poly_rank_3
217,1.07,4.75,0.082,0.07425,0.07425,0.0316745022212473,1.0526315789473684,0.1059245022212473,3.494012368300583,0.07425,0.0295062112215175,1.0526315789473684,0.1037562112215175,3.7804110490416143,-0.0021682909997297987,0.0021682909997297987,-0.002168290999729802,0.002168290999729802,0.28639868074103125,0.28639868074103125,0.0005921473927071,0.0002757225016271,0.9973225108978084,True,True,True,True,FULL,FULL_direct_poly_rank_3
218,0.99,4.75,0.091,0.0815,0.0815,0.0350845623553453,1.0526315789473684,0.1165845623553453,3.740061038065954,0.0815,0.0329306197263244,1.0526315789473684,0.1144306197263244,4.031224558690072,-0.0021539426290209038,0.0021539426290209038,-0.002153942629020897,0.002153942629020897,0.2911635206241181,0.2911635206241181,0.0006060422422113,0.0002806867477928,0.9975884315140482,True,True,True,True,FULL,FULL_direct_poly_rank_3
219,1.33,4.75,0.123,0.109,0.109,0.0845437839006371,1.0526315789473684,0.1935437839006371,2.512415047002486,0.109,0.0755113787622986,1.0526315789473684,0.1845113787622986,2.772275696371314,-0.0090324051383385,0.0090324051383385,-0.0090324051383385,0.0090324051383385,0.2598606493688278,0.2598606493688278,0.0012615571936789,0.000664569796121,0.9953494349489196,True,True,True,True,FULL,FULL_direct_poly_rank_3
220,0.57,3.0,0.057,0.045,0.045,0.0423378142666348,1.6666666666666667,0.0873378142666348,5.252909248352316,0.045,0.038665384570948,1.6666666666666667,0.083665384570948,5.866381874907926,-0.0036724296956867977,0.0036724296956867977,-0.003672429695686791,0.003672429695686791,0.6134726265556099,0.6134726265556099,0.0005791159982484,0.0003162720011896,0.994261429768122,True,True,True,True,FULL,FULL_direct_poly_rank_3
221,0.74,3.0,0.052,0.0426666666666666,0.0426666666666666,0.0483380999196384,1.6666666666666667,0.091004766586305,3.990648101805694,0.0426666666666666,0.0428666392115446,1.6666666666666667,0.0855333058782113,4.459531384076354,-0.005471460708093803,0.005471460708093803,-0.005471460708093706,0.005471460708093706,0.4688832822706601,0.4688832822706601,0.0005948775259666,0.0003379916971787,0.9937187847707858,True,True,True,True,FULL,FULL_direct_poly_rank_3
222,1.17,3.75,0.042,0.037,0.037,0.0379972465016185,1.3333333333333333,0.0749972465016185,2.7555455668379523,0.037,0.0327738880215842,1.3333333333333333,0.0697738880215842,3.085713042345126,-0.005223358480034301,0.005223358480034301,-0.005223358480034301,0.005223358480034301,0.3301674755071735,0.3301674755071735,0.0005312056820471,0.000291566829421,0.9934079932052003,True,True,True,True,FULL,FULL_direct_poly_rank_3
223,2.7,4.333333333333333,0.036,0.0356666666666666,0.0356666666666666,0.012315781767816,1.153846153846154,0.0479824484344826,2.0063850757344786,0.0356666666666666,0.0157637494139018,1.153846153846154,0.0514304160805684,1.8316427883515611,0.003447967646085799,0.003447967646085799,0.003447967646085799,0.003447967646085799,-0.17474228738291742,0.17474228738291742,0.0004075987906337,0.0002279826397394,0.9965646138932908,True,True,True,True,FULL,FULL_direct_poly_rank_3
224,0.75,3.5,0.022,0.02125,0.02125,0.0026705992767688,1.4285714285714286,0.0239205992767688,6.637578410976577,0.02125,0.0028274751547296,1.4285714285714286,0.0240774751547297,6.269883796430735,0.00015687587796079988,0.00015687587796079988,0.0001568758779608992,0.0001568758779608992,-0.36769461454584196,0.36769461454584196,0.0001050552731407,4.076889975497067e-05,0.9987706646648504,True,True,True,True,FULL,FULL_direct_poly_rank_3
225,1.15,3.5,0.021,0.02,0.02,0.0073958891535081,1.4285714285714286,0.0273958891535081,3.6113543932907137,0.02,0.0067876126770399,1.4285714285714286,0.0267876126770399,3.869387496004286,-0.0006082764764681996,0.0006082764764681996,-0.000608276476468203,0.000608276476468203,0.2580331027135725,0.2580331027135725,0.0001527572587692,7.321276242447241e-05,0.997945605875184,True,True,True,True,FULL,FULL_direct_poly_rank_3
226,1.1,3.5,0.02,0.01925,0.01925,0.004956977641193,1.4285714285714286,0.024206977641193,4.054827267846036,0.01925,0.0047469537643912,1.4285714285714286,0.0239969537643912,4.201023537008336,-0.0002100238768018006,0.0002100238768018006,-0.000210023876801798,0.000210023876801798,0.14619626916229933,0.14619626916229933,7.185646828826835e-05,3.291893027100584e-05,0.9994800307820234,True,True,True,True,FULL,FULL_direct_poly_rank_3
227,1.25,3.5,0.019,0.01875,0.01875,0.0019847706438796,1.4285714285714286,0.0207347706438796,4.418502888206739,0.01875,0.0023639768237708,1.4285714285714286,0.0211139768237708,3.977159587259398,0.0003792061798912,0.0003792061798912,0.0003792061798912026,0.0003792061798912026,-0.44134330094734153,0.44134330094734153,0.0002036833530643,9.090269049789122e-05,0.9955397961072132,True,True,True,True,FULL,FULL_direct_poly_rank_3
228,0.7,3.0,0.059,0.0456666666666666,0.0456666666666666,0.0656740182268081,1.6666666666666667,0.1113406848934747,3.9285722676402535,0.0456666666666666,0.0585737159272862,1.6666666666666667,0.1042403825939528,4.3658511656441785,-0.007100302299521903,0.007100302299521903,-0.00710030229952191,0.00710030229952191,0.43727889800392505,0.43727889800392505,0.0006453677279393,0.0003883646281107,0.9942459949579284,True,True,True,True,FULL,FULL_direct_poly_rank_3
229,0.8,3.75,0.039,0.03775,0.03775,0.0044128695173391,1.3333333333333333,0.0421628695173391,6.31959788609588,0.03775,0.0046547645290011,1.3333333333333333,0.0424047645290011,5.989391418791753,0.00024189501166200014,0.00024189501166200014,0.00024189501166199667,0.00024189501166199667,-0.3302064673041274,0.3302064673041274,0.0001745572157768,6.682648112587689e-05,0.9989135591626748,True,True,True,True,FULL,FULL_direct_poly_rank_3
230,1.1,3.75,0.031,0.03025,0.03025,0.004226216061608,1.3333333333333333,0.034476216061608,4.574641618565765,0.03025,0.0044724817293295,1.3333333333333333,0.0347224817293295,4.376407098814821,0.00024626566772150034,0.00024626566772150034,0.0002462656677214986,0.0002462656677214986,-0.19823451975094386,0.19823451975094386,0.000131529483519,5.623491789381391e-05,0.9992208584201332,True,True,True,True,FULL,FULL_direct_poly_rank_3
234,0.99,3.0,0.523,0.4803333333333333,0.4803333333333333,0.3422582854093307,1.6666666666666667,0.822591618742664,3.6102895519762694,0.4803333333333333,0.3156224195657457,1.6666666666666667,0.795955752899079,3.830335381538651,-0.02663586584358496,0.02663586584358496,-0.026635865843584905,0.026635865843584905,0.22004582956238172,0.22004582956238172,0.0033803123414132,0.0017820975340135,0.9983679057536452,True,True,True,True,FULL,FULL_direct_poly_rank_3
235,1.49,3.0,0.929,0.87,0.87,1.3911680147990315,1.6666666666666667,2.261168014799032,2.4688599946843404,0.87,1.4107475595550172,1.6666666666666667,2.2807475595550173,2.4557124597336237,0.019579544755985667,0.019579544755985667,0.019579544755985445,0.019579544755985445,-0.013147534950716633,0.013147534950716633,0.0006737709185031,0.0003941581686125,0.9999839572821584,True,True,True,True,FULL,FULL_direct_poly_rank_3
236,2.48,3.5,1.278,1.2245,1.2245,4.974718816480315,1.4285714285714286,6.199218816480315,1.7047169871616714,1.2245,5.146830978369195,1.4285714285714286,6.371330978369195,1.69414445983444,0.17211216188888034,0.17211216188888034,0.17211216188888034,0.17211216188888034,-0.010572527327231462,0.010572527327231462,0.0014307304396936,0.0008391405078224,0.9999634783657928,True,True,True,True,FULL,FULL_direct_poly_rank_3
238,1.16,3.0,0.606,0.5299999999999999,0.5299999999999999,0.9995028593983644,1.6666666666666667,1.5295028593983642,2.6762963684092975,0.5299999999999999,0.9130852509750472,1.6666666666666667,1.4430852509750471,2.799613680955076,-0.08641760842331714,0.08641760842331714,-0.08641760842331703,0.08641760842331703,0.12331731254577827,0.12331731254577827,0.0034885435700788,0.0020873656609145,0.99879639513903,True,True,True,True,FULL,FULL_direct_poly_rank_3
239,2.0,3.5,0.785,0.745,0.745,1.4880839300345443,1.4285714285714286,2.2330839300345446,1.9471028822830023,0.745,1.524839971816458,1.4285714285714286,2.269839971816458,1.932572781331603,0.03675604178191372,0.03675604178191372,0.036756041781913495,0.036756041781913495,-0.014530100951399394,0.014530100951399394,0.000875446999349,0.0005209520013227,0.9999647580790124,True,True,True,True,FULL,FULL_direct_poly_rank_3
240,1.84,3.0,1.067,0.9266666666666667,0.9266666666666667,11.34965538746409,1.6666666666666667,12.276322054130755,1.8769974838423913,0.9266666666666667,11.392883815114525,1.6666666666666667,12.319550481781189,1.8760970279611189,0.04322842765043511,0.04322842765043511,0.04322842765043333,0.04322842765043333,-0.0009004558812724106,0.0009004558812724106,0.0001284630515788,8.110688101551467e-05,0.9999995956505816,True,True,True,True,FULL,FULL_direct_poly_rank_3
241,2.5,3.5,1.53,1.435,1.435,11.191062390354295,1.4285714285714286,12.626062390354296,1.6206039521105755,1.435,10.464953686479134,1.4285714285714286,11.899953686479137,1.6359337932537208,-0.7261087038751608,0.7261087038751608,-0.726108703875159,0.726108703875159,0.015329841143145284,0.015329841143145284,0.0032033641869914,0.0018955281747119,0.9998681546695286,True,True,True,True,FULL,FULL_direct_poly_rank_3
242,1.28,13.0,0.381,0.236,0.236,0.2798827945510767,0.3846153846153846,0.5158827945510767,2.332154177278262,0.236,0.272715245791678,0.3846153846153846,0.508715245791678,2.4649645803814337,-0.007167548759398679,0.007167548759398679,-0.007167548759398623,0.007167548759398623,0.13281040310317183,0.13281040310317183,0.0015772869632251,0.0008564469319724,0.9990735838139512,True,True,True,True,FULL,FULL_direct_poly_rank_3
243,1.94,13.0,1.479,1.139,1.139,0.9051763320711632,0.3846153846153846,2.0441763320711632,1.6142343389282214,1.139,0.915657642887708,0.3846153846153846,2.054657642887708,1.5889281816253082,0.010481310816544798,0.010481310816544798,0.010481310816544909,0.010481310816544909,-0.02530615730291319,0.02530615730291319,0.0019201419479976,0.0010479757291169,0.9998939559851876,True,True,True,True,FULL,FULL_direct_poly_rank_3
244,2.29,13.0,30.401,2.493,2.493,191.4872115140508,0.3846153846153846,193.9802115140508,0.5794840127037909,2.493,185.53703017308777,0.3846153846153846,188.03003017308777,0.5873262158484434,-5.9501813409630415,5.9501813409630415,-5.9501813409630415,5.9501813409630415,0.007842203144652449,0.007842203144652449,0.0839034519325257,0.0706147147706113,0.9999220434834528,True,True,True,True,FULL,FULL_direct_poly_rank_3
245,3.95,13.0,5.488,4.171,4.171,11.473466241634494,0.3846153846153846,15.644466241634497,0.6512771868667829,4.171,13.928399372089292,0.3846153846153846,18.09939937208929,0.5941275000211651,2.4549331304547977,2.4549331304547977,2.454933130454794,2.454933130454794,-0.05714968684561783,0.05714968684561783,0.059146810133438,0.0414699592307119,0.9953076349432346,True,True,True,True,FULL,FULL_direct_poly_rank_3
246,0.34,13.0,0.306,0.104,0.104,0.238125551076079,0.3846153846153846,0.342125551076079,11.465962069935722,0.104,0.2396519546974723,0.3846153846153846,0.3436519546974723,10.959803542575631,0.0015264036213933074,0.0015264036213933074,0.0015264036213932797,0.0015264036213932797,-0.5061585273600908,0.5061585273600908,0.0004858579704736,0.0002362233920989,0.9999176170529191,True,True,True,True,FULL,FULL_direct_poly_rank_3
247,0.55,13.0,1.422,0.768,0.768,0.854926430267495,0.3846153846153846,1.622926430267495,6.829794290098721,0.768,0.8888437196874275,0.3846153846153846,1.6568437196874275,5.877323149668502,0.03391728941993244,0.03391728941993244,0.03391728941993244,0.03391728941993244,-0.9524711404302186,0.9524711404302186,0.0105954008353387,0.0051673049391446,0.9970288093078528,True,True,True,True,FULL,FULL_direct_poly_rank_3
248,1.07,13.0,2.417,1.547,1.547,1.4889207977309928,0.3846153846153846,3.0359207977309928,3.0462519251595546,1.547,1.494416999098706,0.3846153846153846,3.041416999098706,3.019198678204513,0.005496201367713116,0.005496201367713116,0.005496201367713116,0.005496201367713116,-0.027053246955041743,0.027053246955041743,0.001442525752762,0.0007394789624256,0.999978156125134,True,True,True,True,FULL,FULL_direct_poly_rank_3
249,1.08,13.0,4.482,3.316,3.316,1.9761134955053168,0.3846153846153846,5.292113495505316,3.3738748448845737,3.316,2.0497586794216573,0.3846153846153846,5.365758679421657,3.1079533624336917,0.07364518391634056,0.07364518391634056,0.07364518391634078,0.07364518391634078,-0.265921482450882,0.265921482450882,0.0230022848049782,0.0108495589758837,0.997916562312629,True,True,True,True,FULL,FULL_direct_poly_rank_3
250,0.1,15.0,0.367,0.136,0.136,0.2402542971419538,0.3333333333333333,0.3762542971419538,56.09759499434641,0.136,0.2752700647811322,0.3333333333333333,0.4112700647811322,24.56908295636157,0.03501576763917841,0.03501576763917841,0.03501576763917841,0.03501576763917841,-31.52851203798484,31.52851203798484,0.0094161643801233,0.005323405283415,0.9724493111097042,True,True,True,True,FULL,FULL_direct_poly_rank_3
251,0.67,15.0,1.297,0.843,0.843,0.5998183417647385,0.3333333333333333,1.4428183417647384,6.0080454699914485,0.843,0.5917343249006761,0.3333333333333333,1.434734324900676,6.430974304362409,-0.008084016864062349,0.008084016864062349,-0.008084016864062349,0.008084016864062349,0.4229288343709605,0.4229288343709605,0.0038070556066328,0.001451922872796,0.9993671301536758,True,True,True,True,FULL,FULL_direct_poly_rank_3
252,0.78,15.0,3.232,2.23,2.23,1.3862854300913423,0.3333333333333333,3.6162854300913425,5.115435733153055,2.23,1.364579955521049,0.3333333333333333,3.594579955521049,5.476838270676684,-0.02170547457029337,0.02170547457029337,-0.021705474570293593,0.021705474570293593,0.3614025375236283,0.3614025375236283,0.0103771358617805,0.003928527627226,0.9991769994940298,True,True,True,True,FULL,FULL_direct_poly_rank_3
253,2.08,15.0,4.233,3.386,3.386,2.0681407318693763,0.3333333333333333,5.454140731869376,1.6219591173534793,3.386,1.9808648832478948,0.3333333333333333,5.366864883247895,1.7420294206231264,-0.08727584862148152,0.08727584862148152,-0.08727584862148152,0.08727584862148152,0.12007030326964707,0.12007030326964707,0.0234383747647087,0.0112767146796752,0.9979071526352812,True,True,True,True,FULL,FULL_direct_poly_rank_3
254,0.42,15.0,0.464,0.223,0.223,0.286841251907236,0.3333333333333333,0.509841251907236,9.785018691865965,0.223,0.2823390397143929,0.3333333333333333,0.5053390397143929,11.265425683648829,-0.00450221219284308,0.00450221219284308,-0.00450221219284308,0.00450221219284308,1.4804069917828642,1.4804069917828642,0.0019010384488136,0.0007669794279004,0.9991988400951364,True,True,True,True,FULL,FULL_direct_poly_rank_3
255,1.34,15.0,1.532,0.812,0.812,1.3202731944591186,0.3333333333333333,2.1322731944591187,2.118955632610797,0.812,1.2035796060731336,0.3333333333333333,2.0155796060731337,2.758706344157874,-0.11669358838598498,0.11669358838598498,-0.11669358838598498,0.11669358838598498,0.6397507115470771,0.6397507115470771,0.0295148338930969,0.0152007484349899,0.984166662257981,True,True,True,True,FULL,FULL_direct_poly_rank_3
256,1.56,15.0,2.845,1.821,1.821,2.049502462074934,0.3333333333333333,3.870502462074933,1.917214666999875,1.821,1.9078005944006855,0.3333333333333333,3.7288005944006857,2.2572456156400342,-0.1417018676742483,0.1417018676742483,-0.14170186767424742,0.14170186767424742,0.34003094864015915,0.34003094864015915,0.0346741684617469,0.0178567159503011,0.9916608872246367,True,True,True,True,FULL,FULL_direct_poly_rank_3
257,1.9,15.0,4.37,3.015,3.015,3.1599174946212627,0.3333333333333333,6.174917494621263,1.5540138559861083,3.015,2.998555416248307,0.3333333333333333,6.013555416248307,1.7026387725148042,-0.1613620783729557,0.1613620783729557,-0.1613620783729557,0.1613620783729557,0.14862491652869592,0.14862491652869592,0.0321767349712303,0.0174936909914804,0.9968201851608794,True,True,True,True,FULL,FULL_direct_poly_rank_3
258,2.09,15.0,55.263,3.813,3.813,190.18212243089908,0.3333333333333333,193.99512243089907,0.7174733228095233,3.813,168.1744178534376,0.3333333333333333,171.9874178534376,0.7995508441388344,-22.00770457746148,22.00770457746148,-22.00770457746148,22.00770457746148,0.08207752132931112,0.08207752132931112,1.0321408734874746,0.7962826763143787,0.9963696189146148,True,True,True,True,FULL,FULL_direct_poly_rank_3
284,0.27,1.6652089623887931,2.655,1.3036485066778338,1.3036485066778338,4.61028992899217,3.002626164602998,5.913938435670004,7.913618795998358,1.3036485066778338,4.405075538317815,3.002626164602998,5.708724044995649,8.301475998581694,-0.20521439067435487,0.20521439067435487,-0.20521439067435487,0.20521439067435487,0.38785720258333534,0.38785720258333534,0.0143910509119473,0.0103011078169005,0.9991160603587405,True,True,True,True,FULL,FULL_direct_poly_rank_3
285,0.5,3.083720300719987,2.417,0.6555920235894309,0.6555920235894309,7.127781251237852,1.621418128885619,7.783373274827283,3.420782268328867,0.6555920235894309,5.89369203690958,1.621418128885619,6.549284060499011,4.0636388808015225,-1.2340892143282716,1.2340892143282716,-1.2340892143282716,1.2340892143282716,0.6428566124726554,0.6428566124726554,0.0594661673026348,0.0455539259461478,0.9901422014178152,True,True,True,True,FULL,FULL_direct_poly_rank_3
286,0.88,5.4273477292671775,5.477,2.848434309388562,2.848434309388562,8.806082929225237,0.9212603005031926,11.6545172386138,2.5046228694450243,2.848434309388562,8.250318804678994,0.9212603005031926,11.098753114067556,2.691502722894792,-0.5557641245462435,0.5557641245462435,-0.5557641245462435,0.5557641245462435,0.18687985344976754,0.18687985344976754,0.0430299189990254,0.0300826503417708,0.9979782424365258,True,True,True,True,FULL,FULL_direct_poly_rank_3
287,0.29,1.7885577744175924,3.214,1.959240530267265,1.959240530267265,3.9894927128527247,2.7955484980786536,5.94873324311999,8.412171305906568,1.959240530267265,3.781880431714532,2.7955484980786536,5.741120961981797,8.965238732354265,-0.20761228113819286,0.20761228113819286,-0.20761228113819286,0.20761228113819286,0.5530674264476971,0.5530674264476971,0.0203253530229011,0.0133372470636926,0.9983093449321028,True,True,True,True,FULL,FULL_direct_poly_rank_3
288,0.44,2.7136738646335887,3.179,1.959240530267265,1.959240530267265,3.8637545585443656,1.8425206010063853,5.822995088811631,5.589277438658442,1.959240530267265,3.503410341727494,1.8425206010063853,5.462650871994759,6.32650295129818,-0.36034421681687157,0.36034421681687157,-0.36034421681687157,0.36034421681687157,0.7372255126397382,0.7372255126397382,0.0387153756251173,0.0246995577443377,0.9936149121236512,True,True,True,True,FULL,FULL_direct_poly_rank_3
289,0.44,2.7136738646335887,5.856,2.848434309388562,2.848434309388562,10.290924987900752,1.8425206010063853,13.139359297289314,4.832563228905287,2.848434309388562,9.203024736822211,1.8425206010063853,12.051459046210772,5.474824024028855,-1.0879002510785405,1.0879002510785405,-1.0879002510785423,1.0879002510785423,0.6422607951235682,0.6422607951235682,0.0821243796293055,0.0577449203906637,0.9941620535173514,True,True,True,True,FULL,FULL_direct_poly_rank_3
291,0.42,2.590325052604789,4.293,1.959240530267265,1.959240530267265,8.144262348078403,1.9302596772447849,10.103502878345669,4.906645401620717,1.959240530267265,7.266173128288513,1.9302596772447849,9.225413658555778,5.55087982261047,-0.8780892197898895,0.8780892197898895,-0.8780892197898904,0.8780892197898904,0.6442344209897524,0.6442344209897524,0.0615531344529459,0.044039626854954,0.9944096704827434,True,True,True,True,FULL,FULL_direct_poly_rank_3
292,0.27,1.6652089623887931,1.816,0.6555920235894309,0.6555920235894309,4.340373544875488,3.002626164602998,4.99596556846492,6.93036783035678,0.6555920235894309,4.046331142926009,3.002626164602998,4.70192316651544,7.395651074329916,-0.29404240194947917,0.29404240194947917,-0.29404240194947917,0.29404240194947917,0.46528324397313625,0.46528324397313625,0.0155499361333261,0.0117543139818672,0.9984805110679956,True,True,True,True,FULL,FULL_direct_poly_rank_3
293,0.55,3.392092330791986,3.752,1.3488617496840016,1.3488617496840016,8.999404803617814,1.4740164808051082,10.348266553301816,3.397073578572742,1.3488617496840016,7.75658416817528,1.4740164808051082,9.10544591785928,3.9361102133876216,-1.2428206354425342,1.2428206354425342,-1.242820635442536,1.242820635442536,0.5390366348148796,0.5390366348148796,0.0714421229018261,0.0532077946024,0.9925175390953084,True,True,True,True,FULL,FULL_direct_poly_rank_3
295,1.2,7.400928721727968,0.0307,0.0217962758401608,0.0217962758401608,0.0268208917452208,0.6755908870356747,0.0486171675853816,2.3157906832156443,0.0217962758401608,0.0269780935842292,0.6755908870356747,0.04877436942439,2.2994129285017633,0.00015720183900840012,0.00015720183900840012,0.00015720183900840012,0.00015720183900840012,-0.016377754713881032,0.016377754713881032,1.9661187136097177e-05,1.1973368717254524e-05,0.999977858781678,True,True,True,True,FULL,FULL_direct_poly_rank_3
296,2.0,12.334881202879949,0.131,0.0508579769603752,0.0508579769603752,0.2935284290129898,0.4053545322214048,0.344386405973365,0.9614433155844516,0.0508579769603752,0.2923287512177552,0.4053545322214048,0.3431867281781304,0.9650234168765528,-0.0011996777952346105,0.0011996777952346105,-0.0011996777952346105,0.0011996777952346105,0.0035801012921011788,0.0035801012921011788,6.306032334503022e-05,4.772051098132682e-05,0.9999948178399448,True,True,True,True,FULL,FULL_direct_poly_rank_3
297,1.8,11.101393082591954,0.046,0.0145308505601072,0.0145308505601072,0.1222071066849876,0.4503939246904497,0.1367379572450948,0.9937795159488002,0.0145308505601072,0.1226913468809548,0.4503939246904497,0.137222197441062,0.9905358055350924,0.0004842401959671977,0.0004842401959671977,0.0004842401959672116,0.0004842401959672116,-0.0032437104137078565,0.0032437104137078565,2.139431799217725e-05,1.6593263038363547e-05,0.9999960367206016,True,True,True,True,FULL,FULL_direct_poly_rank_3
302,0.75,4.625580451079981,0.055,0.0153092991217785,0.0153092991217785,0.1595143577214117,1.080945419257079,0.1748236568431902,2.2969478423570417,0.0153092991217785,0.1523291385442528,1.080945419257079,0.1676384376660313,2.384897117501765,-0.007185219177158891,0.007185219177158891,-0.007185219177158919,0.007185219177158919,0.08794927514472306,0.08794927514472306,0.0003046855635209,0.0002374801879965,0.9994909035267684,True,True,True,True,FULL,FULL_direct_poly_rank_3
303,0.91,5.612370947310377,0.041,0.0153092991217785,0.0153092991217785,0.0951653865132687,0.8908890818052851,0.1104746856350472,2.0818876302589207,0.0153092991217785,0.0962668930630327,0.8908890818052851,0.1115761921848112,2.060870916428909,0.0011015065497640003,0.0011015065497640003,0.0011015065497640003,0.0011015065497640003,-0.02101671383001147,0.02101671383001147,5.5102240409471975e-05,4.201807010010913e-05,0.99996125427264,True,True,True,True,FULL,FULL_direct_poly_rank_3
304,1.87,11.533113924692753,0.046,0.0153092991217785,0.0153092991217785,0.1174680513670647,0.4335342590603259,0.1327773504888432,0.9728764088168116,0.0153092991217785,0.1163833072033303,0.4335342590603259,0.1316926063251088,0.9806036766624936,-0.0010847441637343996,0.0010847441637343996,-0.0010847441637344135,0.0010847441637344135,0.0077272678456820065,0.0077272678456820065,5.0488317629877175e-05,3.889502521895724e-05,0.9999768951953568,True,True,True,True,FULL,FULL_direct_poly_rank_3
305,2.17,13.383346105124744,0.042,0.0153092991217785,0.0153092991217785,0.0995579974430193,0.373598647208668,0.1148672965647978,0.8653228395367738,0.0153092991217785,0.0962420229885409,0.373598647208668,0.1115513221103194,0.8922123790540609,-0.0033159744544783987,0.0033159744544783987,-0.0033159744544783987,0.0033159744544783987,0.02688953951728712,0.02688953951728712,0.0001702124506367,0.0001292848066692,0.9996563042090508,True,True,True,True,FULL,FULL_direct_poly_rank_3
311,1.45,8.942788872087963,1.14,0.7935883525311068,0.7935883525311068,1.051107361858608,0.5591096996157306,1.844695714389715,1.879665749713435,0.7935883525311068,1.081998522996281,0.5591096996157306,1.8755868755273877,1.816893918425865,0.030891161137672984,0.030891161137672984,0.030891161137672762,0.030891161137672762,-0.06277183128757002,0.06277183128757002,0.0035428209798919,0.002216967609315,0.9994936694671832,True,True,True,True,FULL,FULL_direct_poly_rank_3
314,1.8,11.101393082591954,3.8,2.3726672172613705,2.3726672172613705,4.501119428750482,0.4503939246904497,6.873786646011853,1.379736428464202,2.3726672172613705,4.742703294306576,0.4503939246904497,7.115370511567947,1.3035822163045163,0.2415838655560938,0.2415838655560938,0.2415838655560938,0.2415838655560938,-0.07615421215968565,0.07615421215968565,0.0213274476053392,0.0144096714658852,0.9986142025318344,True,True,True,True,FULL,FULL_direct_poly_rank_3
316,1.1,6.784184661583972,1.23,0.5909609098097346,0.5909609098097346,2.195000047586552,0.7370082404025541,2.7859609573962865,1.920963652491806,0.5909609098097346,2.129906791600641,0.7370082404025541,2.7208677014103757,1.9811549499543315,-0.06509325598591076,0.06509325598591076,-0.06509325598591076,0.06509325598591076,0.060191297462525606,0.060191297462525606,0.00436632385237,0.0031564322217935,0.9996324003157676,True,True,True,True,FULL,FULL_direct_poly_rank_3
317,0.75,4.625580451079981,0.94,0.7727950359050375,0.7727950359050375,0.4751593936736535,1.080945419257079,1.247954429578691,4.459377299507828,0.7727950359050375,0.4506518978162022,1.080945419257079,1.2234469337212397,4.81202191642097,-0.024507495857451322,0.024507495857451322,-0.024507495857451378,0.024507495857451378,0.35264461691314164,0.35264461691314164,0.0059110627794882,0.0029053096167887,0.9974968408456596,True,True,True,True,FULL,FULL_direct_poly_rank_3
320,1.3,8.017672781871967,3.7,1.9806931592524069,1.9806931592524069,5.70674005649928,0.6236223572636995,7.687433215751687,1.723838260148718,1.9806931592524069,5.764449023686581,0.6236223572636995,7.745142182938988,1.705825287420597,0.057708967187300786,0.057708967187300786,0.057708967187300786,0.057708967187300786,-0.01801297272812108,0.01801297272812108,0.0042259288829453,0.0029951280520363,0.9999553297390822,True,True,True,True,FULL,FULL_direct_poly_rank_3
321,1.5,9.25116090215996,2.94,0.5553062574145964,0.5553062574145964,10.568278952724356,0.5404727096285398,11.123585210138952,1.04691166819964,0.5553062574145964,9.733600359006466,0.5404727096285398,10.288906616421064,1.1114596636994372,-0.8346785937178893,0.8346785937178893,-0.8346785937178876,0.8346785937178876,0.06454799549979717,0.06454799549979717,0.0289766316206078,0.0230502414160085,0.9987130265633816,True,True,True,True,FULL,FULL_direct_poly_rank_3
322,1.7,10.484649022447956,1.47,1.1106125148291928,1.1106125148291928,1.0572811334663703,0.4768876849663586,2.1678936482955633,1.7502458150213789,1.1106125148291928,1.09964235066137,0.4768876849663586,2.2102548654905627,1.6691554140000455,0.042361217194999634,0.042361217194999634,0.04236121719499941,0.04236121719499941,-0.08109040102133336,0.08109040102133336,0.0060332184439484,0.0035231522070161,0.999012392511496,True,True,True,True,FULL,FULL_direct_poly_rank_3
323,1.7,10.484649022447956,7.35,2.2212250296583855,2.2212250296583855,20.160376750419932,0.4768876849663586,22.381601780078316,1.0379375597762583,2.2212250296583855,20.661866139770275,0.4768876849663586,22.88309116942866,1.0177206645104049,0.5014893893503434,0.5014893893503434,0.5014893893503434,0.5014893893503434,-0.020216895265853463,0.020216895265853463,0.0210428031453518,0.0164218575932921,0.999855211989523,True,True,True,True,FULL,FULL_direct_poly_rank_3
327,0.1,0.6167440601439975,0.08,0.0796743371481683,0.0796743371481683,0.0008090983306987,8.107090644428094,0.080483435478867,77.68977402204777,0.0796743371481683,0.0093549004322664,8.107090644428094,0.0890292375804347,31.453195811986056,0.0085458021015677,0.0085458021015677,0.008545802101567704,0.008545802101567704,-46.236578210061715,46.236578210061715,0.0048634256249144,0.00181716921217,0.7280963347236465,True,True,True,True,FULL,FULL_direct_poly_rank_3
329,1.2,7.400928721727968,0.024,0.0202072594216368,0.0202072594216368,0.010665146237602,0.6755908870356747,0.0308724056592388,2.9023919692701785,0.0202072594216368,0.0108842249940757,0.6755908870356747,0.0310914844157125,2.8268229287086,0.00021907875647370068,0.00021907875647370068,0.00021907875647370068,0.00021907875647370068,-0.07556904056157832,0.07556904056157832,5.117561175876123e-05,2.54179853484123e-05,0.9997086556225464,True,True,True,True,FULL,FULL_direct_poly_rank_3
330,1.1,6.784184661583972,0.025,0.0202072594216368,0.0202072594216368,0.0137190748784508,0.7370082404025541,0.0339263343000876,2.9611290302817843,0.0202072594216368,0.0139374293555205,0.7370082404025541,0.0341446887771573,2.901785396904088,0.00021835447706970018,0.00021835447706970018,0.00021835447706970018,0.00021835447706970018,-0.059343633377696214,0.059343633377696214,4.196066727467004e-05,2.220817507139903e-05,0.9998236847875124,True,True,True,True,FULL,FULL_direct_poly_rank_3
331,1.25,7.709300751799968,0.047,0.0398371685740841,0.0398371685740841,0.0200809505252075,0.6485672515542477,0.0599181190992916,2.820311710406355,0.0398371685740841,0.0203373376089321,0.6485672515542477,0.0601745061830162,2.773639736796604,0.00025638708372460045,0.00025638708372460045,0.00025638708372460045,0.00025638708372460045,-0.04667197360975095,0.04667197360975095,6.318541811468164e-05,3.0850213522972406e-05,0.9998838885122444,True,True,True,True,FULL,FULL_direct_poly_rank_3
332,1.2,7.400928721727968,0.05,0.0398371685740841,0.0398371685740841,0.0292663957131568,0.6755908870356747,0.0691035642872409,2.6576864448773354,0.0398371685740841,0.0292834974442437,0.6755908870356747,0.0691206660183278,2.6556705963114537,1.7101731086897887e-05,1.7101731086897887e-05,1.7101731086890948e-05,1.7101731086890948e-05,-0.0020158485658816616,0.0020158485658816616,3.177620400115847e-06,1.7005344879718332e-06,0.9999997500607316,True,True,True,True,FULL,FULL_direct_poly_rank_3
333,1.6,9.86790496230396,0.093,0.0796743371481683,0.0796743371481683,0.0371742575975103,0.5066931652767559,0.1168485947456786,2.2486028629786348,0.0796743371481683,0.0378568895382423,0.5066931652767559,0.1175312266864106,2.1956165474633735,0.0006826319407320022,0.0006826319407320022,0.0006826319407319953,0.0006826319407319953,-0.05298631551526123,0.05298631551526123,0.0001774251515675,8.517717431393547e-05,0.9997653537872742,True,True,True,True,FULL,FULL_direct_poly_rank_3
334,2.5,15.418601503599936,0.1,0.0796743371481683,0.0796743371481683,0.0585327914263222,0.3242836257771238,0.1382071285744905,1.275689493540873,0.0796743371481683,0.0524477098791592,0.3242836257771238,0.1321220470273275,1.51543646225393,-0.0060850815471630015,0.0060850815471630015,-0.0060850815471630015,0.0060850815471630015,0.23974696871305712,0.23974696871305712,0.0014589361006517,0.0007177262330266,0.986828264081532,True,True,True,True,FULL,FULL_direct_poly_rank_3
335,1.8,11.101393082591954,0.233,0.1991858428704208,0.1991858428704208,0.0944249962521731,0.4503939246904497,0.2936108391225939,1.9904398436807709,0.1991858428704208,0.0970807217163183,0.4503939246904497,0.2962665645867391,1.9203884861616352,0.002655725464145206,0.002655725464145206,0.00265572546414522,0.00265572546414522,-0.07005135751913572,0.07005135751913572,0.0006680815226157,0.0003240511734865,0.9994703090800288,True,True,True,True,FULL,FULL_direct_poly_rank_3
336,4.0,24.669762405759897,0.251,0.1991858428704208,0.1991858428704208,0.1494580982300445,0.2026772661107024,0.3486439411004653,0.792806515114832,0.1991858428704208,0.1322510196471144,0.2026772661107024,0.3314368625175352,0.9652019189128588,-0.017207078582930108,0.017207078582930108,-0.017207078582930135,0.017207078582930135,0.17239540379802676,0.17239540379802676,0.004200108575164,0.0020536828320189,0.982731094352061,True,True,True,True,FULL,FULL_direct_poly_rank_3
337,1.13,6.96920787962717,0.045,0.0153092991217785,0.0153092991217785,0.1129415099906837,0.7174416499493891,0.1282508091124622,1.6219045254507285,0.0153092991217785,0.1154006539285702,0.7174416499493891,0.1307099530503487,1.592772397002483,0.0024591439378865015,0.0024591439378865015,0.0024591439378864877,0.0024591439378864877,-0.02913212844824553,0.02913212844824553,0.0001129650955159,8.717737673356503e-05,0.9998766731391332,True,True,True,True,FULL,FULL_direct_poly_rank_3
338,1.74,10.731346646505555,0.033,0.0153092991217785,0.0153092991217785,0.0614267591501006,0.4659247496797756,0.0767360582718792,1.1936384711708052,0.0153092991217785,0.0614206228109704,0.4659247496797756,0.0767299219327489,1.1937555668659834,-6.136339130199953e-06,6.136339130199953e-06,-6.136339130297097e-06,6.136339130297097e-06,0.00011709569517814877,0.00011709569517814877,3.823356897840017e-07,2.8066086400772154e-07,0.9999999962687806,True,True,True,True,FULL,FULL_direct_poly_rank_3
339,2.13,13.136648481067144,0.035,0.0153092991217785,0.0153092991217785,0.0696089127687665,0.3806145842454505,0.084918211890545,0.9488333573269884,0.0153092991217785,0.0665103343225114,0.3806145842454505,0.0818196334442899,0.9926812712426428,-0.003098578446255107,0.003098578446255107,-0.003098578446255107,0.003098578446255107,0.04384791391565446,0.04384791391565446,0.0001908646518556,0.0001404137528974,0.999234606651056,True,True,True,True,FULL,FULL_direct_poly_rank_3
340,3.5,21.58604210503991,0.026,0.0153092991217785,0.0153092991217785,0.0343911652377439,0.2316311612693741,0.0497004643595224,0.6801344819537776,0.0153092991217785,0.0373631109814567,0.2316311612693741,0.0526724101032353,0.6245594936415548,0.0029719457437127964,0.0029719457437127964,0.0029719457437129004,0.0029719457437129004,-0.05557498831222274,0.05557498831222274,0.0002290941238447,0.0001603211123829,0.9969012148894216,True,True,True,True,FULL,FULL_direct_poly_rank_3
341,1.13,6.96920787962717,0.055,0.0153092991217785,0.0153092991217785,0.1595143577209842,0.7174416499493891,0.1748236568427627,1.524522904222498,0.0153092991217785,0.159308272346361,0.7174416499493891,0.1746175714681395,1.5260797483312292,-0.00020608537462321608,0.00020608537462321608,-0.00020608537462318832,0.00020608537462318832,0.001556844108731248,0.001556844108731248,8.373506119088331e-06,6.558573741216513e-06,0.9999996154870082,True,True,True,True,FULL,FULL_direct_poly_rank_3
342,1.22,7.524277533756768,0.039,0.0153092991217785,0.0153092991217785,0.0864894320112215,0.6645156265924669,0.101798731133,1.5829859963913084,0.0153092991217785,0.0896563194745357,0.6645156265924669,0.1049656185963142,1.5334113392749622,0.0031668874633141997,0.0031668874633141997,0.0031668874633141997,0.0031668874633141997,-0.04957465711634623,0.04957465711634623,0.0001614064507326,0.0001227302212232,0.9996122525746836,True,True,True,True,FULL,FULL_direct_poly_rank_3
343,1.45,8.942788872087963,0.034,0.0153092991217785,0.0153092991217785,0.0654950286258003,0.5591096996157306,0.0808043277475788,1.4123161332544465,0.0153092991217785,0.0676607752157515,0.5591096996157306,0.08297007433753,1.3696358597613267,0.002165746589951209,0.002165746589951209,0.002165746589951195,0.002165746589951195,-0.04268027349311976,0.04268027349311976,0.0001262001557853,9.382756285990436e-05,0.9996319432350184,True,True,True,True,FULL,FULL_direct_poly_rank_3
344,2.17,13.383346105124744,0.028,0.0153092991217785,0.0153092991217785,0.0418356081902535,0.373598647208668,0.057144907312032,1.0458293131757963,0.0153092991217785,0.0385220807707266,0.373598647208668,0.0538313798925051,1.1504848172090902,-0.003313527419526896,0.003313527419526896,-0.003313527419526896,0.003313527419526896,0.10465550403329393,0.10465550403329393,0.0002823224347755,0.0001925336063822,0.9964011426940064,True,True,True,True,FULL,FULL_direct_poly_rank_3
345,0.6,3.700464360863984,0.062,0.0153092991217785,0.0153092991217785,0.1936315334445874,1.3511817740713494,0.2089408325663659,2.78103428223211,0.0153092991217785,0.1778517204667104,1.3511817740713494,0.1931610195884889,2.9770509358934314,-0.015779812977876978,0.015779812977876978,-0.015779812977876978,0.015779812977876978,0.19601665366132126,0.19601665366132126,0.0006422248871449,0.0005028791180555,0.9983583830148784,True,True,True,True,FULL,FULL_direct_poly_rank_3
346,0.7,4.317208421007981,0.05,0.0153092991217785,0.0153092991217785,0.1358772828198478,1.1581558063468709,0.1511865819416263,2.530764500816095,0.0153092991217785,0.1305114808276244,1.1581558063468709,0.1458207799494029,2.6182241997526425,-0.00536580199222339,0.00536580199222339,-0.00536580199222339,0.00536580199222339,0.0874596989365477,0.0874596989365477,0.0002419176685257,0.0001871437893665,0.9995820789058788,True,True,True,True,FULL,FULL_direct_poly_rank_3
347,0.9,5.550696541295977,0.034,0.0153092991217785,0.0153092991217785,0.0654950141480271,0.9007878493808994,0.0808043132698056,2.275398701589776,0.0153092991217785,0.0671088237962404,0.9007878493808994,0.0824181229180189,2.223422246153934,0.0016138096482133102,0.0016138096482133102,0.0016138096482132963,0.0016138096482132963,-0.05197645543584217,0.05197645543584217,9.485991687976248e-05,7.041488000528576e-05,0.9997920492397382,True,True,True,True,FULL,FULL_direct_poly_rank_3
348,1.8,11.101393082591954,0.027,0.0153092991217785,0.0153092991217785,0.038082793731829,0.4503939246904497,0.0533920928536075,1.2897687725693818,0.0153092991217785,0.0370665847935129,0.4503939246904497,0.0523758839152914,1.3291924574819771,-0.001016208938316096,0.001016208938316096,-0.001016208938316096,0.001016208938316096,0.03942368491259529,0.03942368491259529,8.475883680531404e-05,5.8151523291349454e-05,0.9996302257467224,True,True,True,True,FULL,FULL_direct_poly_rank_3
349,1.13,6.96920787962717,0.043,0.0153092991217785,0.0153092991217785,0.1039855497101338,0.7174416499493891,0.1192948488319123,1.6477168177591195,0.0153092991217785,0.1067027347742384,0.7174416499493891,0.1220120338960169,1.6117780942859097,0.0027171850641046075,0.0027171850641046075,0.0027171850641046075,0.0027171850641046075,-0.03593872347320981,0.03593872347320981,0.0001288501397447,9.900997152079372e-05,0.9998164650929476,True,True,True,True,FULL,FULL_direct_poly_rank_3
350,1.37,8.449393623972766,0.041,0.0153092991217785,0.0153092991217785,0.0951653865075495,0.591758441199131,0.110474685629328,1.3828596668882291,0.0153092991217785,0.0981957865988074,0.591758441199131,0.1135050857205859,1.3457049265688965,0.0030304000912579065,0.0030304000912579065,0.0030304000912579065,0.0030304000912579065,-0.037154740319332635,0.037154740319332635,0.0001486298825807,0.0001136646071769,0.9997180983790748,True,True,True,True,FULL,FULL_direct_poly_rank_3
351,1.67,10.299625804404757,0.032,0.0153092991217785,0.0153092991217785,0.057405854043788,0.4854545296064728,0.0727151531655665,1.2626030593869657,0.0153092991217785,0.0578445093270027,0.4854545296064728,0.0731538084487812,1.253122519318949,0.0004386552832146978,0.0004386552832146978,0.0004386552832146978,0.0004386552832146978,-0.009480540068016685,0.009480540068016685,2.8038867041985827e-05,2.0476639018040724e-05,0.9999777369530184,True,True,True,True,FULL,FULL_direct_poly_rank_3
352,2.91,17.947252150190327,0.03,0.0153092991217785,0.0153092991217785,0.0495137718239397,0.2785941802208967,0.0648230709457182,0.7494886652754336,0.0153092991217785,0.0459431180420473,0.2785941802208967,0.0612524171638258,0.8140096336441252,-0.003570653781892398,0.003570653781892398,-0.003570653781892398,0.003570653781892398,0.06452096836869159,0.06452096836869159,0.0002729786439679,0.000191424618987,0.9973642876551309,True,True,True,True,FULL,FULL_direct_poly_rank_3
353,0.9,5.550696541295977,0.037,0.0153092991217785,0.0153092991217785,0.0779670989319231,0.9007878493808994,0.0932763980537016,2.192227389199339,0.0153092991217785,0.0794597702677425,0.9007878493808994,0.094769069389521,2.15442419668575,0.0014926713358193872,0.0014926713358193872,0.001492671335819401,0.001492671335819401,-0.03780319251358888,0.03780319251358888,8.11928920179917e-05,6.10989136631438e-05,0.99988420819943,True,True,True,True,FULL,FULL_direct_poly_rank_3
354,1.05,6.475812631511974,0.032,0.0153092991217785,0.0153092991217785,0.0574058541682785,0.7721038708979138,0.0727151532900571,2.0081400996379837,0.0153092991217785,0.0597096615224402,0.7721038708979138,0.0750189606442187,1.9333196397362071,0.002303807354161698,0.002303807354161698,0.0023038073541616078,0.0023038073541616078,-0.07482045990177655,0.07482045990177655,0.0001422032610167,0.0001045747738006,0.9994273585354596,True,True,True,True,FULL,FULL_direct_poly_rank_3
355,1.15,7.09255669165597,0.028,0.0153092991217785,0.0153092991217785,0.0418356081862674,0.7049644038633127,0.0571449073080459,1.9734344433232216,0.0153092991217785,0.0436787774535889,0.7049644038633127,0.0589880765753674,1.8880850556317872,0.001843169267321497,0.001843169267321497,0.001843169267321497,0.001843169267321497,-0.08534938769143441,0.08534938769143441,0.000133582183216,9.489896262026048e-05,0.99919430453335,True,True,True,True,FULL,FULL_direct_poly_rank_3
356,1.4,8.634416842015963,0.024,0.0153092991217785,0.0153092991217785,0.0272042150777216,0.5790779031734354,0.0425135141995001,1.8037445140554815,0.0153092991217785,0.0278031169631069,0.5790779031734354,0.0431124160848854,1.759928021586936,0.0005989018853852987,0.0005989018853852987,0.0005989018853852987,0.0005989018853852987,-0.043816492468545576,0.043816492468545576,5.73112601116274e-05,3.786141585143324e-05,0.99974006731022,True,True,True,True,FULL,FULL_direct_poly_rank_3
357,0.75,4.625580451079981,0.028,0.0153092991217785,0.0153092991217785,0.0418356081843982,1.080945419257079,0.0571449073061767,3.0259328132395527,0.0153092991217785,0.0423774049400303,1.080945419257079,0.0576867040618089,2.9852286879402485,0.0005417967556320957,0.0005417967556320957,0.0005417967556321998,0.0005417967556321998,-0.04070412529930412,0.04070412529930412,4.070792493571584e-05,2.8675348358320735e-05,0.999925177575652,True,True,True,True,FULL,FULL_direct_poly_rank_3
358,1.15,7.09255669165597,0.026,0.0153092991217785,0.0153092991217785,0.0343911653190034,0.7049644038633127,0.0497004644407819,2.0699745048837284,0.0153092991217785,0.0358415286390213,0.7049644038633127,0.0511508277607999,1.9808704787104765,0.0014503633200178973,0.0014503633200178973,0.0014503633200180013,0.0014503633200180013,-0.08910402617325186,0.08910402617325186,0.0001175408057521,8.124391713946868e-05,0.9991842804187994,True,True,True,True,FULL,FULL_direct_poly_rank_3
359,1.1,6.784184661583972,0.024,0.0153092991217785,0.0153092991217785,0.0272042141314279,0.7370082404025541,0.0425135132532064,2.2956749282231264,0.0153092991217785,0.028270641484142,0.7370082404025541,0.0435799406059205,2.1996226472926756,0.0010664273527140992,0.0010664273527140992,0.0010664273527140958,0.0010664273527140958,-0.0960522809304507,0.0960522809304507,9.976531094198676e-05,6.633073825810886e-05,0.9992123376063068,True,True,True,True,FULL,FULL_direct_poly_rank_3
360,1.2,7.400928721727968,0.022,0.0153092991217785,0.0153092991217785,0.0203041095024898,0.6755908870356747,0.0356134086242683,2.2704692840433656,0.0153092991217785,0.0209787264629699,0.6755908870356747,0.0362880255847484,2.185428034146937,0.0006746169604801011,0.0006746169604801011,0.0006746169604800942,0.0006746169604800942,-0.08504124989642836,0.08504124989642836,7.687258579819543e-05,4.819955753768148e-05,0.9993602595737672,True,True,True,True,FULL,FULL_direct_poly_rank_3
